2.1543, -1.3269, 1.8059, 2.0691, -1.3348, 1.8084
2.1543, -1.3269, 1.8059, 2.0691, -1.3348, 1.8084
2.1543, -1.3269, 1.8059, 2.0691, -1.3348, 1.8084
2.1543, -1.3269, 1.8059, 2.0691, -1.3348, 1.8084
2.1543, -1.3269, 1.8059, 2.0691, -1.3348, 1.8084
2.1543, -1.3269, 1.8059, 2.0691, -1.3348, 1.8084
2.1543, -1.3269, 1.8059, 2.0691, -1.3348, 1.8084
2.1543, -1.3269, 1.8059, 2.0691, -1.3348, 1.8084
2.1543, -1.3269, 1.8059, 2.0691, -1.3348, 1.8084
2.1543, -1.3269, 1.8059, 2.0691, -1.3348, 1.8084
2.1543, -1.3269, 1.8059, 2.0691, -1.3348, 1.8084
2.1543, -1.3269, 1.8059, 2.0691, -1.3348, 1.8084
2.1543, -1.3269, 1.8059, 2.0691, -1.3348, 1.8084
2.1543, -1.3269, 1.8059, 2.0691, -1.3348, 1.8084
2.1543, -1.3269, 1.8059, 2.0691, -1.3348, 1.8084
2.1543, -1.3269, 1.8059, 2.0691, -1.3348, 1.8084
2.1543, -1.3269, 1.8059, 2.0691, -1.3348, 1.8084
2.1543, -1.3269, 1.8058, 2.0691, -1.3348, 1.8084
2.1543, -1.3269, 1.8059, 2.0691, -1.3348, 1.8084
2.1543, -1.3269, 1.8059, 2.0691, -1.3348, 1.8084
2.1543, -1.3269, 1.8059, 2.0691, -1.3348, 1.8084
2.1543, -1.3269, 1.8059, 2.0691, -1.3348, 1.8084
2.1543, -1.3269, 1.8059, 2.0691, -1.3348, 1.8084
2.1543, -1.3269, 1.8059, 2.0691, -1.3348, 1.8084
2.1543, -1.3269, 1.8059, 2.0691, -1.3348, 1.8084
2.1543, -1.3269, 1.8059, 2.0691, -1.3348, 1.8084
2.1543, -1.3269, 1.8059, 2.0691, -1.3348, 1.8084
2.1543, -1.3269, 1.8059, 2.0691, -1.3348, 1.8084
2.1543, -1.3269, 1.8059, 2.0691, -1.3348, 1.8084
2.1543, -1.3269, 1.8059, 2.0691, -1.3348, 1.8084
2.1543, -1.3269, 1.8059, 2.0691, -1.3348, 1.8083
2.1543, -1.3269, 1.8059, 2.0691, -1.3348, 1.8083
2.1543, -1.3269, 1.8059, 2.0691, -1.3348, 1.8083
2.1543, -1.3269, 1.8059, 2.0691, -1.3348, 1.8084
2.1543, -1.3269, 1.8059, 2.0691, -1.3348, 1.8084
2.1543, -1.3269, 1.8059, 2.0691, -1.3348, 1.8084
2.1543, -1.3269, 1.8059, 2.0691, -1.3348, 1.8084
2.1543, -1.3269, 1.8059, 2.0691, -1.3348, 1.8084
2.1543, -1.3269, 1.8059, 2.0691, -1.3348, 1.8083
2.1543, -1.3269, 1.8059, 2.0691, -1.3348, 1.8083
2.1543, -1.3269, 1.8059, 2.0691, -1.3348, 1.8084
2.1543, -1.3269, 1.8059, 2.0691, -1.3348, 1.8084
2.1543, -1.3269, 1.8059, 2.0691, -1.3348, 1.8083
2.1543, -1.3269, 1.8059, 2.0691, -1.3348, 1.8084
2.1543, -1.3269, 1.8059, 2.0691, -1.3348, 1.8084
2.1543, -1.3269, 1.8059, 2.0691, -1.3348, 1.8084
2.1543, -1.3269, 1.8059, 2.0692, -1.3348, 1.8084
2.1543, -1.3269, 1.8059, 2.0693, -1.3348, 1.8084
2.1543, -1.3269, 1.8059, 2.0694, -1.3348, 1.8084
2.1543, -1.3269, 1.8059, 2.0694, -1.3348, 1.8083
2.1543, -1.3269, 1.8059, 2.0696, -1.3348, 1.8083
2.1543, -1.3269, 1.8059, 2.0697, -1.3348, 1.8083
2.1543, -1.3269, 1.8059, 2.0698, -1.3348, 1.8083
2.1543, -1.3269, 1.8059, 2.0699, -1.3348, 1.8083
2.1543, -1.3269, 1.8059, 2.0703, -1.3348, 1.8084
2.1543, -1.3269, 1.8059, 2.0704, -1.3348, 1.8084
2.1543, -1.3269, 1.8059, 2.0705, -1.3348, 1.8083
2.1543, -1.3269, 1.8059, 2.0706, -1.3348, 1.8084
2.1543, -1.3269, 1.8058, 2.0710, -1.3348, 1.8084
2.1543, -1.3269, 1.8058, 2.0711, -1.3348, 1.8084
2.1543, -1.3269, 1.8058, 2.0713, -1.3348, 1.8084
2.1543, -1.3269, 1.8058, 2.0714, -1.3348, 1.8083
2.1543, -1.3269, 1.8058, 2.0718, -1.3348, 1.8083
2.1543, -1.3269, 1.8058, 2.0719, -1.3348, 1.8084
2.1543, -1.3269, 1.8058, 2.0721, -1.3348, 1.8084
2.1543, -1.3269, 1.8058, 2.0723, -1.3348, 1.8084
2.1543, -1.3269, 1.8058, 2.0727, -1.3348, 1.8083
2.1543, -1.3269, 1.8058, 2.0729, -1.3348, 1.8083
2.1543, -1.3269, 1.8058, 2.0731, -1.3348, 1.8084
2.1543, -1.3269, 1.8058, 2.0734, -1.3348, 1.8083
2.1543, -1.3269, 1.8058, 2.0739, -1.3348, 1.8083
2.1543, -1.3269, 1.8058, 2.0741, -1.3348, 1.8084
2.1543, -1.3269, 1.8058, 2.0743, -1.3348, 1.8084
2.1543, -1.3269, 1.8058, 2.0746, -1.3348, 1.8084
2.1543, -1.3269, 1.8058, 2.0751, -1.3348, 1.8083
2.1543, -1.3269, 1.8058, 2.0753, -1.3348, 1.8084
2.1543, -1.3269, 1.8058, 2.0756, -1.3348, 1.8083
2.1543, -1.3269, 1.8058, 2.0758, -1.3348, 1.8083
2.1543, -1.3269, 1.8058, 2.0763, -1.3348, 1.8083
2.1543, -1.3269, 1.8058, 2.0766, -1.3348, 1.8083
2.1543, -1.3269, 1.8058, 2.0768, -1.3348, 1.8084
2.1543, -1.3269, 1.8058, 2.0771, -1.3348, 1.8083
2.1543, -1.3269, 1.8058, 2.0776, -1.3348, 1.8083
2.1543, -1.3269, 1.8058, 2.0778, -1.3348, 1.8083
2.1543, -1.3269, 1.8058, 2.0780, -1.3348, 1.8083
2.1543, -1.3269, 1.8058, 2.0783, -1.3348, 1.8083
2.1543, -1.3269, 1.8058, 2.0789, -1.3348, 1.8083
2.1543, -1.3269, 1.8058, 2.0792, -1.3348, 1.8083
2.1543, -1.3269, 1.8058, 2.0795, -1.3348, 1.8083
2.1543, -1.3269, 1.8058, 2.0797, -1.3348, 1.8083
2.1543, -1.3269, 1.8058, 2.0804, -1.3348, 1.8083
2.1543, -1.3269, 1.8058, 2.0807, -1.3348, 1.8083
2.1543, -1.3269, 1.8058, 2.0810, -1.3348, 1.8083
2.1543, -1.3269, 1.8058, 2.0813, -1.3348, 1.8083
2.1543, -1.3269, 1.8058, 2.0819, -1.3348, 1.8083
2.1543, -1.3269, 1.8058, 2.0823, -1.3348, 1.8083
2.1543, -1.3269, 1.8058, 2.0826, -1.3348, 1.8083
2.1543, -1.3269, 1.8058, 2.0829, -1.3348, 1.8083
2.1543, -1.3269, 1.8058, 2.0836, -1.3348, 1.8083
2.1543, -1.3269, 1.8058, 2.0838, -1.3348, 1.8083
2.1543, -1.3269, 1.8058, 2.0842, -1.3348, 1.8083
2.1543, -1.3269, 1.8058, 2.0845, -1.3348, 1.8083
2.1543, -1.3269, 1.8058, 2.0851, -1.3348, 1.8083
2.1543, -1.3269, 1.8058, 2.0854, -1.3348, 1.8083
2.1543, -1.3269, 1.8058, 2.0858, -1.3348, 1.8083
2.1543, -1.3269, 1.8058, 2.0861, -1.3348, 1.8083
2.1543, -1.3269, 1.8058, 2.0864, -1.3348, 1.8083
2.1543, -1.3269, 1.8058, 2.0871, -1.3348, 1.8083
2.1543, -1.3269, 1.8058, 2.0874, -1.3348, 1.8083
2.1543, -1.3269, 1.8058, 2.0877, -1.3348, 1.8083
2.1543, -1.3269, 1.8058, 2.0881, -1.3348, 1.8083
2.1543, -1.3269, 1.8058, 2.0887, -1.3348, 1.8083
0.5743, -1.3173, 1.7482, 2.0890, -1.3348, 1.8083
0.5743, -1.3173, 1.7482, 2.0893, -1.3348, 1.8083
0.5743, -1.3173, 1.7482, 2.0896, -1.3348, 1.8083
0.5743, -1.3173, 1.7482, 2.0903, -1.3347, 1.8083
0.5743, -1.3173, 1.7482, 2.0906, -1.3346, 1.8083
0.5743, -1.3173, 1.7482, 2.0909, -1.3346, 1.8083
0.5743, -1.3173, 1.7482, 2.0912, -1.3346, 1.8083
0.5743, -1.3173, 1.7482, 2.0918, -1.3345, 1.8083
0.5743, -1.3173, 1.7482, 2.0921, -1.3345, 1.8083
0.5743, -1.3173, 1.7482, 2.0924, -1.3345, 1.8083
0.5743, -1.3173, 1.7482, 2.0927, -1.3344, 1.8083
0.5743, -1.3173, 1.7482, 2.0934, -1.3343, 1.8083
0.5743, -1.3173, 1.7482, 2.0938, -1.3341, 1.8083
0.5743, -1.3173, 1.7482, 2.0941, -1.3340, 1.8083
0.5743, -1.3173, 1.7482, 2.0944, -1.3339, 1.8083
0.5743, -1.3173, 1.7482, 2.0951, -1.3337, 1.8083
0.5743, -1.3173, 1.7482, 2.0955, -1.3336, 1.8083
0.5743, -1.3173, 1.7482, 2.0958, -1.3335, 1.8082
0.5743, -1.3173, 1.7482, 2.0961, -1.3334, 1.8082
0.5743, -1.3173, 1.7482, 2.0967, -1.3331, 1.8082
0.5743, -1.3173, 1.7482, 2.0971, -1.3330, 1.8082
0.5743, -1.3173, 1.7482, 2.0974, -1.3328, 1.8082
0.5743, -1.3173, 1.7482, 2.0977, -1.3327, 1.8082
0.5743, -1.3173, 1.7482, 2.0983, -1.3325, 1.8082
0.5743, -1.3173, 1.7482, 2.0987, -1.3324, 1.8082
0.5743, -1.3173, 1.7482, 2.0990, -1.3322, 1.8082
0.5743, -1.3173, 1.7483, 2.0992, -1.3321, 1.8082
0.5743, -1.3173, 1.7483, 2.0995, -1.3318, 1.8082
0.5743, -1.3173, 1.7483, 2.0995, -1.3317, 1.8081
0.5743, -1.3173, 1.7483, 2.0994, -1.3315, 1.8081
0.5743, -1.3173, 1.7483, 2.0993, -1.3314, 1.8081
0.5743, -1.3173, 1.7483, 2.0988, -1.3311, 1.8080
0.5743, -1.3173, 1.7483, 2.0985, -1.3309, 1.8079
0.5743, -1.3173, 1.7483, 2.0980, -1.3308, 1.8078
0.5743, -1.3173, 1.7483, 2.0976, -1.3306, 1.8078
0.5743, -1.3173, 1.7483, 2.0965, -1.3303, 1.8076
0.5743, -1.3173, 1.7483, 2.0958, -1.3302, 1.8075
0.5743, -1.3173, 1.7483, 2.0951, -1.3300, 1.8074
0.5743, -1.3173, 1.7483, 2.0943, -1.3298, 1.8073
0.5743, -1.3173, 1.7483, 2.0925, -1.3295, 1.8071
0.5743, -1.3173, 1.7483, 2.0915, -1.3294, 1.8070
0.5743, -1.3173, 1.7483, 2.0904, -1.3292, 1.8068
0.5743, -1.3173, 1.7483, 2.0893, -1.3290, 1.8067
0.5743, -1.3173, 1.7483, 2.0882, -1.3289, 1.8066
0.5743, -1.3173, 1.7483, 2.0857, -1.3285, 1.8063
0.5743, -1.3173, 1.7483, 2.0843, -1.3284, 1.8062
0.5743, -1.3173, 1.7483, 2.0829, -1.3282, 1.8061
0.5743, -1.3173, 1.7483, 2.0799, -1.3279, 1.8058
0.5743, -1.3173, 1.7483, 2.0782, -1.3277, 1.8056
0.5743, -1.3173, 1.7483, 2.0765, -1.3276, 1.8054
0.5743, -1.3173, 1.7483, 2.0748, -1.3274, 1.8053
0.5743, -1.3173, 1.7483, 2.0711, -1.3271, 1.8049
0.5743, -1.3173, 1.7483, 2.0692, -1.3270, 1.8047
0.5743, -1.3173, 1.7483, 2.0671, -1.3268, 1.8045
0.5743, -1.3173, 1.7483, 2.0650, -1.3265, 1.8043
0.5743, -1.3173, 1.7483, 2.0607, -1.3262, 1.8039
0.5743, -1.3173, 1.7483, 2.0585, -1.3260, 1.8038
0.5743, -1.3173, 1.7483, 2.0561, -1.3259, 1.8035
0.5743, -1.3173, 1.7482, 2.0513, -1.3255, 1.8032
0.5743, -1.3173, 1.7482, 2.0488, -1.3254, 1.8030
0.5743, -1.3173, 1.7482, 2.0462, -1.3252, 1.8028
0.5743, -1.3173, 1.7483, 2.0436, -1.3251, 1.8026
0.5743, -1.3173, 1.7482, 2.0409, -1.3249, 1.8024
0.5743, -1.3173, 1.7482, 2.0352, -1.3246, 1.8020
0.5743, -1.3173, 1.7482, 2.0323, -1.3244, 1.8018
0.5743, -1.3173, 1.7482, 2.0293, -1.3242, 1.8017
0.5743, -1.3173, 1.7482, 2.0263, -1.3241, 1.8015
0.5743, -1.3173, 1.7482, 2.0232, -1.3240, 1.8013
0.5743, -1.3173, 1.7482, 2.0169, -1.3237, 1.8009
0.5743, -1.3173, 1.7482, 2.0136, -1.3236, 1.8008
0.5743, -1.3173, 1.7482, 2.0102, -1.3235, 1.8005
0.5743, -1.3173, 1.7482, 2.0068, -1.3234, 1.8004
0.5743, -1.3173, 1.7482, 1.9997, -1.3231, 1.8000
0.5743, -1.3173, 1.7482, 1.9961, -1.3230, 1.7998
0.5743, -1.3173, 1.7482, 1.9925, -1.3229, 1.7996
0.5743, -1.3173, 1.7482, 1.9887, -1.3228, 1.7994
0.5743, -1.3173, 1.7482, 1.9812, -1.3226, 1.7990
0.5743, -1.3173, 1.7482, 1.9773, -1.3225, 1.7988
0.5743, -1.3173, 1.7482, 1.9735, -1.3224, 1.7986
0.5743, -1.3173, 1.7483, 1.9696, -1.3223, 1.7984
0.5743, -1.3173, 1.7482, 1.9615, -1.3222, 1.7980
0.5743, -1.3173, 1.7482, 1.9573, -1.3221, 1.7978
0.5743, -1.3173, 1.7482, 1.9532, -1.3220, 1.7976
0.5743, -1.3173, 1.7482, 1.9491, -1.3219, 1.7974
0.5743, -1.3173, 1.7482, 1.9405, -1.3218, 1.7970
0.5743, -1.3173, 1.7483, 1.9362, -1.3218, 1.7968
0.5743, -1.3173, 1.7482, 1.9318, -1.3217, 1.7966
0.5743, -1.3173, 1.7482, 1.9274, -1.3216, 1.7964
0.5743, -1.3173, 1.7482, 1.9184, -1.3215, 1.7961
0.5743, -1.3173, 1.7483, 1.9139, -1.3215, 1.7959
0.5743, -1.3173, 1.7483, 1.9093, -1.3214, 1.7957
0.5743, -1.3173, 1.7483, 1.9046, -1.3214, 1.7955
0.5743, -1.3173, 1.7483, 1.8951, -1.3213, 1.7951
0.5743, -1.3173, 1.7483, 1.8903, -1.3212, 1.7949
0.5743, -1.3173, 1.7483, 1.8856, -1.3212, 1.7947
0.5743, -1.3173, 1.7483, 1.8809, -1.3211, 1.7945
0.5743, -1.3173, 1.7483, 1.8712, -1.3211, 1.7942
0.5743, -1.3173, 1.7483, 1.8662, -1.3210, 1.7939
0.5743, -1.3173, 1.7483, 1.8613, -1.3210, 1.7937
0.5743, -1.3173, 1.7483, 1.8564, -1.3210, 1.7935
0.5743, -1.3173, 1.7483, 1.8464, -1.3209, 1.7930
0.5743, -1.3173, 1.7483, 1.8413, -1.3209, 1.7928
0.5743, -1.3173, 1.7483, 1.8362, -1.3208, 1.7925
0.5743, -1.3173, 1.7483, 1.8311, -1.3208, 1.7923
0.5743, -1.3173, 1.7483, 1.8209, -1.3208, 1.7918
0.5743, -1.3173, 1.7483, 1.8156, -1.3207, 1.7916
0.5743, -1.3173, 1.7483, 1.8104, -1.3207, 1.7913
0.5743, -1.3173, 1.7483, 1.8052, -1.3207, 1.7911
0.5743, -1.3173, 1.7483, 1.7946, -1.3206, 1.7906
0.5743, -1.3173, 1.7483, 1.7893, -1.3206, 1.7904
0.5743, -1.3173, 1.7483, 1.7840, -1.3206, 1.7902
0.5743, -1.3173, 1.7483, 1.7787, -1.3206, 1.7900
0.5743, -1.3173, 1.7483, 1.7681, -1.3205, 1.7896
0.5743, -1.3173, 1.7483, 1.7627, -1.3205, 1.7894
0.5743, -1.3173, 1.7483, 1.7574, -1.3205, 1.7892
0.5743, -1.3173, 1.7483, 1.7520, -1.3204, 1.7890
0.5743, -1.3173, 1.7483, 1.7413, -1.3204, 1.7886
0.5743, -1.3173, 1.7483, 1.7359, -1.3203, 1.7884
0.5743, -1.3173, 1.7483, 1.7305, -1.3203, 1.7882
0.5743, -1.3173, 1.7483, 1.7250, -1.3203, 1.7879
0.5743, -1.3173, 1.7483, 1.7141, -1.3203, 1.7875
0.5743, -1.3173, 1.7483, 1.7086, -1.3203, 1.7873
0.5743, -1.3173, 1.7483, 1.7031, -1.3202, 1.7871
0.5743, -1.3173, 1.7483, 1.6976, -1.3202, 1.7869
0.5743, -1.3173, 1.7483, 1.6921, -1.3201, 1.7867
0.5743, -1.3173, 1.7483, 1.6810, -1.3200, 1.7863
0.5743, -1.3173, 1.7483, 1.6755, -1.3200, 1.7860
0.5743, -1.3173, 1.7483, 1.6701, -1.3199, 1.7859
0.5743, -1.3173, 1.7483, 1.6646, -1.3199, 1.7857
0.5743, -1.3173, 1.7483, 1.6535, -1.3198, 1.7853
0.5743, -1.3173, 1.7483, 1.6480, -1.3197, 1.7851
0.5743, -1.3173, 1.7483, 1.6425, -1.3197, 1.7849
0.5743, -1.3173, 1.7483, 1.6370, -1.3196, 1.7846
0.5743, -1.3173, 1.7483, 1.6260, -1.3196, 1.7843
0.5743, -1.3173, 1.7483, 1.6205, -1.3195, 1.7841
0.5743, -1.3173, 1.7483, 1.6150, -1.3195, 1.7839
0.5743, -1.3173, 1.7483, 1.6095, -1.3195, 1.7837
0.5743, -1.3173, 1.7483, 1.5986, -1.3193, 1.7834
0.5743, -1.3173, 1.7483, 1.5931, -1.3193, 1.7832
0.5743, -1.3173, 1.7483, 1.5876, -1.3193, 1.7830
0.5743, -1.3173, 1.7483, 1.5821, -1.3193, 1.7828
0.5743, -1.3173, 1.7483, 1.5712, -1.3192, 1.7825
0.5743, -1.3173, 1.7483, 1.5657, -1.3191, 1.7822
0.5743, -1.3173, 1.7483, 1.5603, -1.3191, 1.7821
0.5743, -1.3173, 1.7483, 1.5495, -1.3190, 1.7817
0.5743, -1.3173, 1.7483, 1.5441, -1.3190, 1.7815
0.5743, -1.3173, 1.7483, 1.5387, -1.3189, 1.7813
0.5743, -1.3173, 1.7483, 1.5333, -1.3189, 1.7810
0.5743, -1.3173, 1.7483, 1.5280, -1.3189, 1.7808
0.5743, -1.3173, 1.7483, 1.5173, -1.3188, 1.7804
0.5743, -1.3173, 1.7483, 1.5120, -1.3187, 1.7802
0.5743, -1.3173, 1.7483, 1.5067, -1.3187, 1.7800
0.5743, -1.3173, 1.7483, 1.5014, -1.3186, 1.7797
0.5743, -1.3173, 1.7483, 1.4908, -1.3186, 1.7793
0.5743, -1.3173, 1.7483, 1.4856, -1.3185, 1.7791
0.5743, -1.3173, 1.7483, 1.4803, -1.3185, 1.7788
0.5743, -1.3173, 1.7483, 1.4751, -1.3184, 1.7786
0.5743, -1.3173, 1.7483, 1.4645, -1.3183, 1.7782
0.5743, -1.3173, 1.7483, 1.4593, -1.3182, 1.7780
0.5743, -1.3173, 1.7483, 1.4542, -1.3181, 1.7778
0.5743, -1.3173, 1.7483, 1.4490, -1.3181, 1.7776
0.5743, -1.3173, 1.7483, 1.4387, -1.3179, 1.7772
0.5743, -1.3173, 1.7483, 1.4336, -1.3179, 1.7771
0.5743, -1.3173, 1.7483, 1.4285, -1.3178, 1.7769
0.5743, -1.3173, 1.7483, 1.4234, -1.3178, 1.7767
0.5743, -1.3173, 1.7483, 1.4133, -1.3176, 1.7764
0.5743, -1.3173, 1.7483, 1.4083, -1.3175, 1.7762
0.5743, -1.3173, 1.7483, 1.4033, -1.3175, 1.7760
0.5743, -1.3173, 1.7483, 1.3983, -1.3174, 1.7759
0.5743, -1.3173, 1.7483, 1.3883, -1.3173, 1.7756
0.5743, -1.3173, 1.7483, 1.3834, -1.3172, 1.7754
0.5743, -1.3173, 1.7483, 1.3785, -1.3172, 1.7753
0.5743, -1.3173, 1.7483, 1.3737, -1.3171, 1.7751
0.5743, -1.3173, 1.7483, 1.3639, -1.3170, 1.7748
0.5743, -1.3173, 1.7483, 1.3591, -1.3170, 1.7747
0.5743, -1.3173, 1.7483, 1.3543, -1.3169, 1.7745
0.5743, -1.3173, 1.7483, 1.3495, -1.3168, 1.7744
0.5743, -1.3173, 1.7483, 1.3400, -1.3167, 1.7741
0.5743, -1.3173, 1.7483, 1.3354, -1.3166, 1.7740
0.5743, -1.3173, 1.7483, 1.3306, -1.3165, 1.7738
0.5743, -1.3173, 1.7483, 1.3259, -1.3164, 1.7737
0.5743, -1.3173, 1.7483, 1.3213, -1.3163, 1.7735
0.5743, -1.3173, 1.7483, 1.3121, -1.3162, 1.7732
0.5743, -1.3173, 1.7483, 1.3076, -1.3161, 1.7730
0.5743, -1.3173, 1.7483, 1.3029, -1.3160, 1.7729
0.5743, -1.3173, 1.7483, 1.2939, -1.3158, 1.7727
0.5743, -1.3173, 1.7483, 1.2894, -1.3157, 1.7725
0.5743, -1.3173, 1.7483, 1.2849, -1.3156, 1.7724
0.5743, -1.3173, 1.7483, 1.2804, -1.3155, 1.7723
0.5743, -1.3173, 1.7483, 1.2759, -1.3154, 1.7722
0.5743, -1.3173, 1.7483, 1.2671, -1.3153, 1.7719
0.5743, -1.3173, 1.7483, 1.2627, -1.3152, 1.7718
0.5743, -1.3173, 1.7483, 1.2584, -1.3151, 1.7717
0.5743, -1.3173, 1.7483, 1.2540, -1.3150, 1.7715
0.5743, -1.3173, 1.7483, 1.2454, -1.3148, 1.7713
0.5743, -1.3173, 1.7483, 1.2412, -1.3147, 1.7712
0.5743, -1.3173, 1.7483, 1.2369, -1.3147, 1.7711
0.5743, -1.3173, 1.7483, 1.2327, -1.3146, 1.7710
0.5743, -1.3173, 1.7483, 1.2243, -1.3144, 1.7708
0.5743, -1.3173, 1.7483, 1.2200, -1.3143, 1.7706
0.5743, -1.3173, 1.7483, 1.2158, -1.3142, 1.7705
0.5743, -1.3173, 1.7483, 1.2076, -1.3140, 1.7703
0.5743, -1.3173, 1.7483, 1.2034, -1.3140, 1.7702
0.5743, -1.3173, 1.7483, 1.1994, -1.3139, 1.7701
0.5743, -1.3173, 1.7483, 1.1954, -1.3138, 1.7700
0.5743, -1.3173, 1.7483, 1.1913, -1.3138, 1.7699
0.5743, -1.3173, 1.7483, 1.1833, -1.3137, 1.7696
0.5743, -1.3173, 1.7483, 1.1793, -1.3136, 1.7695
0.5743, -1.3173, 1.7483, 1.1754, -1.3136, 1.7694
0.5743, -1.3173, 1.7483, 1.1714, -1.3135, 1.7693
0.5743, -1.3172, 1.7482, 1.1636, -1.3135, 1.7691
0.5743, -1.3173, 1.7483, 1.1595, -1.3134, 1.7690
0.5743, -1.3173, 1.7483, 1.1560, -1.3134, 1.7688
0.5743, -1.3173, 1.7483, 1.1518, -1.3134, 1.7687
0.5743, -1.3173, 1.7483, 1.1445, -1.3133, 1.7685
0.5743, -1.3173, 1.7483, 1.1407, -1.3133, 1.7683
0.5743, -1.3173, 1.7483, 1.1369, -1.3133, 1.7682
0.5743, -1.3173, 1.7483, 1.1332, -1.3133, 1.7681
0.5743, -1.3173, 1.7483, 1.1258, -1.3132, 1.7678
0.5743, -1.3173, 1.7483, 1.1221, -1.3132, 1.7677
0.5743, -1.3173, 1.7483, 1.1184, -1.3132, 1.7675
0.5743, -1.3173, 1.7483, 1.1147, -1.3132, 1.7674
0.5743, -1.3173, 1.7483, 1.1075, -1.3132, 1.7671
0.5743, -1.3173, 1.7483, 1.1040, -1.3132, 1.7670
0.5743, -1.3173, 1.7483, 1.1005, -1.3132, 1.7669
0.5743, -1.3173, 1.7483, 1.0969, -1.3132, 1.7667
0.5743, -1.3173, 1.7483, 1.0898, -1.3132, 1.7665
0.5743, -1.3173, 1.7483, 1.0864, -1.3131, 1.7664
0.5743, -1.3173, 1.7483, 1.0829, -1.3131, 1.7662
0.5743, -1.3173, 1.7483, 1.0795, -1.3131, 1.7661
0.5743, -1.3173, 1.7483, 1.0727, -1.3131, 1.7659
0.5743, -1.3173, 1.7483, 1.0693, -1.3131, 1.7658
0.5743, -1.3173, 1.7483, 1.0659, -1.3131, 1.7657
0.5743, -1.3173, 1.7483, 1.0626, -1.3131, 1.7656
0.5743, -1.3173, 1.7483, 1.0560, -1.3131, 1.7654
0.5743, -1.3173, 1.7483, 1.0525, -1.3131, 1.7653
0.5743, -1.3173, 1.7483, 1.0493, -1.3131, 1.7652
0.5743, -1.3173, 1.7483, 1.0460, -1.3131, 1.7651
0.5743, -1.3173, 1.7483, 1.0397, -1.3131, 1.7649
0.5743, -1.3173, 1.7483, 1.0366, -1.3131, 1.7648
0.5743, -1.3173, 1.7483, 1.0334, -1.3131, 1.7647
0.5743, -1.3173, 1.7483, 1.0305, -1.3131, 1.7646
0.5743, -1.3173, 1.7483, 1.0242, -1.3131, 1.7645
0.5743, -1.3173, 1.7483, 1.0211, -1.3131, 1.7644
0.5743, -1.3173, 1.7483, 1.0179, -1.3130, 1.7643
0.5743, -1.3173, 1.7483, 1.0151, -1.3130, 1.7643
0.5743, -1.3173, 1.7483, 1.0091, -1.3130, 1.7641
0.5743, -1.3173, 1.7483, 1.0061, -1.3130, 1.7640
0.5743, -1.3173, 1.7483, 1.0032, -1.3130, 1.7640
0.5743, -1.3173, 1.7483, 1.0003, -1.3130, 1.7639
0.5743, -1.3173, 1.7483, 0.9973, -1.3130, 1.7638
0.5743, -1.3173, 1.7483, 0.9916, -1.3130, 1.7636
0.5743, -1.3173, 1.7483, 0.9888, -1.3130, 1.7636
0.5743, -1.3173, 1.7483, 0.9860, -1.3130, 1.7635
0.5743, -1.3173, 1.7483, 0.9831, -1.3130, 1.7634
0.5743, -1.3173, 1.7483, 0.9776, -1.3130, 1.7633
0.5743, -1.3173, 1.7483, 0.9776, -1.3130, 1.7633
0.5743, -1.3173, 1.7483, 0.9722, -1.3130, 1.7631
0.5743, -1.3173, 1.7483, 0.9695, -1.3130, 1.7631
0.5743, -1.3173, 1.7483, 0.9640, -1.3130, 1.7629
0.5743, -1.3173, 1.7483, 0.9613, -1.3129, 1.7628
0.5743, -1.3173, 1.7483, 0.9586, -1.3129, 1.7628
0.5743, -1.3173, 1.7483, 0.9558, -1.3129, 1.7627
0.5743, -1.3173, 1.7483, 0.9507, -1.3129, 1.7626
0.5743, -1.3173, 1.7482, 0.9482, -1.3129, 1.7625
0.5743, -1.3173, 1.7483, 0.9456, -1.3129, 1.7624
0.5743, -1.3173, 1.7483, 0.9431, -1.3129, 1.7624
0.5743, -1.3173, 1.7483, 0.9382, -1.3129, 1.7622
0.5743, -1.3173, 1.7483, 0.9356, -1.3129, 1.7621
0.5743, -1.3173, 1.7483, 0.9331, -1.3129, 1.7620
0.5743, -1.3173, 1.7483, 0.9306, -1.3129, 1.7619
0.5743, -1.3173, 1.7483, 0.9257, -1.3129, 1.7618
0.5743, -1.3173, 1.7483, 0.9233, -1.3129, 1.7617
0.5743, -1.3173, 1.7483, 0.9208, -1.3129, 1.7616
0.5743, -1.3173, 1.7483, 0.9184, -1.3129, 1.7615
0.5743, -1.3173, 1.7483, 0.9137, -1.3129, 1.7613
0.5743, -1.3172, 1.7482, 0.9113, -1.3129, 1.7613
0.5743, -1.3173, 1.7483, 0.9089, -1.3129, 1.7612
0.5743, -1.3173, 1.7483, 0.9065, -1.3129, 1.7611
0.5743, -1.3173, 1.7483, 0.9019, -1.3129, 1.7609
0.5743, -1.3173, 1.7483, 0.8994, -1.3129, 1.7608
0.5743, -1.3173, 1.7483, 0.8973, -1.3129, 1.7608
0.5743, -1.3173, 1.7483, 0.8949, -1.3129, 1.7607
0.5743, -1.3173, 1.7483, 0.8905, -1.3129, 1.7605
0.5743, -1.3173, 1.7483, 0.8882, -1.3129, 1.7604
0.5743, -1.3173, 1.7483, 0.8859, -1.3129, 1.7603
0.5743, -1.3173, 1.7483, 0.8837, -1.3129, 1.7603
0.5743, -1.3173, 1.7483, 0.8794, -1.3129, 1.7600
0.5743, -1.3173, 1.7483, 0.8772, -1.3129, 1.7600
0.5743, -1.3173, 1.7483, 0.8750, -1.3129, 1.7599
0.5743, -1.3173, 1.7483, 0.8729, -1.3129, 1.7598
0.5743, -1.3173, 1.7483, 0.8686, -1.3129, 1.7597
0.5743, -1.3173, 1.7483, 0.8666, -1.3129, 1.7596
0.5743, -1.3173, 1.7483, 0.8646, -1.3129, 1.7595
0.5743, -1.3173, 1.7483, 0.8625, -1.3129, 1.7595
0.5743, -1.3173, 1.7483, 0.8584, -1.3129, 1.7593
0.5743, -1.3173, 1.7483, 0.8564, -1.3129, 1.7592
0.5743, -1.3172, 1.7482, 0.8544, -1.3129, 1.7591
0.5743, -1.3173, 1.7483, 0.8525, -1.3129, 1.7591
0.5743, -1.3173, 1.7483, 0.8487, -1.3129, 1.7589
0.5743, -1.3173, 1.7483, 0.8468, -1.3129, 1.7588
0.5743, -1.3173, 1.7483, 0.8448, -1.3129, 1.7587
0.5743, -1.3173, 1.7483, 0.8428, -1.3129, 1.7587
0.5743, -1.3173, 1.7483, 0.8391, -1.3129, 1.7585
0.5743, -1.3173, 1.7483, 0.8372, -1.3129, 1.7584
0.5743, -1.3173, 1.7483, 0.8353, -1.3129, 1.7584
0.5743, -1.3173, 1.7483, 0.8335, -1.3129, 1.7583
0.5743, -1.3173, 1.7483, 0.8315, -1.3129, 1.7582
0.5743, -1.3173, 1.7483, 0.8279, -1.3129, 1.7580
0.5743, -1.3173, 1.7483, 0.8261, -1.3129, 1.7579
0.5743, -1.3173, 1.7483, 0.8244, -1.3129, 1.7578
0.5743, -1.3173, 1.7483, 0.8226, -1.3129, 1.7577
0.5743, -1.3173, 1.7483, 0.8190, -1.3129, 1.7575
0.5743, -1.3173, 1.7483, 0.8173, -1.3129, 1.7574
0.5743, -1.3173, 1.7483, 0.8156, -1.3129, 1.7573
0.5743, -1.3173, 1.7483, 0.8139, -1.3129, 1.7572
0.5743, -1.3173, 1.7483, 0.8122, -1.3129, 1.7571
0.5743, -1.3173, 1.7483, 0.8087, -1.3129, 1.7569
0.5743, -1.3173, 1.7483, 0.8070, -1.3129, 1.7567
0.5743, -1.3173, 1.7483, 0.8053, -1.3129, 1.7567
0.5743, -1.3173, 1.7483, 0.8021, -1.3129, 1.7564
0.5743, -1.3173, 1.7483, 0.8005, -1.3129, 1.7562
0.5743, -1.3173, 1.7483, 0.7989, -1.3129, 1.7561
0.5743, -1.3173, 1.7483, 0.7973, -1.3129, 1.7560
0.5743, -1.3173, 1.7483, 0.7941, -1.3129, 1.7557
0.5743, -1.3173, 1.7483, 0.7925, -1.3129, 1.7556
0.5743, -1.3173, 1.7483, 0.7911, -1.3129, 1.7555
0.5743, -1.3173, 1.7483, 0.7896, -1.3129, 1.7553
0.5743, -1.3173, 1.7483, 0.7865, -1.3129, 1.7551
0.5743, -1.3173, 1.7483, 0.7848, -1.3129, 1.7549
0.5743, -1.3173, 1.7483, 0.7833, -1.3129, 1.7548
0.5743, -1.3173, 1.7482, 0.7818, -1.3129, 1.7547
0.5743, -1.3173, 1.7483, 0.7790, -1.3129, 1.7544
0.5743, -1.3173, 1.7483, 0.7774, -1.3129, 1.7543
0.5743, -1.3173, 1.7483, 0.7760, -1.3129, 1.7542
0.5743, -1.3173, 1.7483, 0.7745, -1.3129, 1.7541
0.5743, -1.3173, 1.7483, 0.7716, -1.3129, 1.7538
0.5743, -1.3173, 1.7483, 0.7701, -1.3129, 1.7537
0.5743, -1.3173, 1.7483, 0.7688, -1.3129, 1.7536
0.5743, -1.3173, 1.7483, 0.7674, -1.3129, 1.7535
0.5743, -1.3173, 1.7483, 0.7647, -1.3129, 1.7533
0.5743, -1.3173, 1.7483, 0.7633, -1.3129, 1.7532
0.5743, -1.3173, 1.7483, 0.7620, -1.3129, 1.7531
0.5743, -1.3173, 1.7483, 0.7606, -1.3129, 1.7530
0.5743, -1.3173, 1.7483, 0.7580, -1.3129, 1.7528
0.5743, -1.3173, 1.7483, 0.7567, -1.3129, 1.7527
0.5743, -1.3173, 1.7483, 0.7554, -1.3129, 1.7526
0.5743, -1.3173, 1.7483, 0.7541, -1.3129, 1.7525
0.5743, -1.3173, 1.7483, 0.7516, -1.3129, 1.7524
0.5743, -1.3173, 1.7483, 0.7503, -1.3129, 1.7523
0.5743, -1.3173, 1.7483, 0.7490, -1.3129, 1.7523
0.5743, -1.3173, 1.7483, 0.7478, -1.3129, 1.7522
0.5743, -1.3173, 1.7483, 0.7452, -1.3129, 1.7520
0.5743, -1.3173, 1.7483, 0.7440, -1.3129, 1.7520
0.5743, -1.3173, 1.7483, 0.7428, -1.3129, 1.7519
0.5743, -1.3173, 1.7483, 0.7416, -1.3129, 1.7518
0.5743, -1.3173, 1.7483, 0.7393, -1.3129, 1.7517
0.5743, -1.3173, 1.7483, 0.7381, -1.3129, 1.7516
0.5743, -1.3173, 1.7483, 0.7370, -1.3129, 1.7516
0.5743, -1.3173, 1.7483, 0.7358, -1.3129, 1.7515
0.5743, -1.3173, 1.7483, 0.7335, -1.3129, 1.7514
0.5743, -1.3173, 1.7483, 0.7324, -1.3129, 1.7513
0.5743, -1.3173, 1.7483, 0.7313, -1.3129, 1.7513
0.5743, -1.3173, 1.7483, 0.7302, -1.3129, 1.7512
0.5743, -1.3173, 1.7483, 0.7291, -1.3129, 1.7512
0.5743, -1.3173, 1.7483, 0.7270, -1.3129, 1.7510
0.5743, -1.3173, 1.7483, 0.7259, -1.3129, 1.7510
0.5743, -1.3173, 1.7483, 0.7249, -1.3129, 1.7509
0.5743, -1.3173, 1.7483, 0.7227, -1.3129, 1.7508
0.5743, -1.3173, 1.7483, 0.7217, -1.3129, 1.7508
0.5743, -1.3173, 1.7483, 0.7206, -1.3129, 1.7507
0.5743, -1.3173, 1.7483, 0.7196, -1.3129, 1.7506
0.5743, -1.3173, 1.7483, 0.7186, -1.3129, 1.7506
0.5743, -1.3173, 1.7483, 0.7166, -1.3129, 1.7505
0.5743, -1.3173, 1.7483, 0.7156, -1.3129, 1.7505
0.5743, -1.3173, 1.7483, 0.7147, -1.3129, 1.7504
0.5743, -1.3173, 1.7483, 0.7137, -1.3129, 1.7503
0.5743, -1.3173, 1.7483, 0.7117, -1.3129, 1.7502
0.5743, -1.3173, 1.7483, 0.7108, -1.3129, 1.7502
0.5743, -1.3173, 1.7483, 0.7098, -1.3129, 1.7501
0.5743, -1.3173, 1.7483, 0.7089, -1.3129, 1.7501
0.5743, -1.3173, 1.7483, 0.7070, -1.3129, 1.7500
0.5743, -1.3173, 1.7483, 0.7061, -1.3129, 1.7499
0.5743, -1.3173, 1.7483, 0.7052, -1.3129, 1.7499
0.5743, -1.3173, 1.7483, 0.7043, -1.3129, 1.7498
0.5743, -1.3173, 1.7483, 0.7025, -1.3129, 1.7497
0.5743, -1.3173, 1.7483, 0.7017, -1.3129, 1.7497
0.5743, -1.3173, 1.7483, 0.7008, -1.3129, 1.7497
0.5743, -1.3173, 1.7483, 0.7000, -1.3129, 1.7496
0.5743, -1.3173, 1.7483, 0.6982, -1.3129, 1.7495
0.5743, -1.3173, 1.7483, 0.6973, -1.3129, 1.7494
0.5743, -1.3173, 1.7483, 0.6965, -1.3129, 1.7494
0.5743, -1.3173, 1.7483, 0.6957, -1.3129, 1.7493
0.5743, -1.3173, 1.7483, 0.6940, -1.3129, 1.7492
0.5743, -1.3173, 1.7483, 0.6932, -1.3129, 1.7492
0.5743, -1.3173, 1.7483, 0.6924, -1.3129, 1.7491
0.5743, -1.3173, 1.7483, 0.6916, -1.3129, 1.7491
0.5743, -1.3173, 1.7483, 0.6900, -1.3129, 1.7489
0.5743, -1.3173, 1.7483, 0.6892, -1.3129, 1.7488
0.5743, -1.3173, 1.7483, 0.6884, -1.3129, 1.7487
0.5743, -1.3173, 1.7483, 0.6876, -1.3129, 1.7486
0.5743, -1.3173, 1.7483, 0.6860, -1.3129, 1.7485
0.5743, -1.3173, 1.7483, 0.6852, -1.3129, 1.7484
0.5743, -1.3173, 1.7483, 0.6844, -1.3129, 1.7484
0.5743, -1.3173, 1.7483, 0.6837, -1.3129, 1.7483
0.5743, -1.3173, 1.7483, 0.6822, -1.3129, 1.7481
0.5743, -1.3173, 1.7483, 0.6815, -1.3129, 1.7480
0.5743, -1.3173, 1.7483, 0.6807, -1.3129, 1.7479
0.5743, -1.3173, 1.7483, 0.6800, -1.3129, 1.7478
0.5743, -1.3173, 1.7483, 0.6785, -1.3129, 1.7477
0.5743, -1.3173, 1.7483, 0.6778, -1.3129, 1.7476
0.5743, -1.3173, 1.7483, 0.6771, -1.3129, 1.7475
0.5743, -1.3173, 1.7483, 0.6764, -1.3129, 1.7474
0.5743, -1.3173, 1.7483, 0.6750, -1.3129, 1.7473
0.5743, -1.3173, 1.7483, 0.6743, -1.3129, 1.7472
0.5743, -1.3173, 1.7483, 0.6736, -1.3130, 1.7471
0.5743, -1.3173, 1.7483, 0.6729, -1.3130, 1.7470
0.5743, -1.3173, 1.7483, 0.6715, -1.3130, 1.7468
0.5743, -1.3173, 1.7483, 0.6708, -1.3130, 1.7468
0.5743, -1.3173, 1.7483, 0.6702, -1.3130, 1.7467
0.5743, -1.3173, 1.7483, 0.6695, -1.3130, 1.7466
0.5743, -1.3173, 1.7483, 0.6682, -1.3130, 1.7465
0.5743, -1.3173, 1.7483, 0.6676, -1.3130, 1.7464
0.5743, -1.3173, 1.7483, 0.6670, -1.3130, 1.7463
0.5743, -1.3173, 1.7483, 0.6664, -1.3130, 1.7462
0.5743, -1.3173, 1.7483, 0.6651, -1.3130, 1.7461
0.5743, -1.3173, 1.7483, 0.6645, -1.3130, 1.7460
0.5743, -1.3173, 1.7483, 0.6639, -1.3130, 1.7459
0.5743, -1.3173, 1.7483, 0.6633, -1.3131, 1.7459
0.5743, -1.3173, 1.7483, 0.6620, -1.3131, 1.7458
0.5743, -1.3173, 1.7483, 0.6613, -1.3131, 1.7457
0.5743, -1.3173, 1.7483, 0.6607, -1.3131, 1.7457
0.5743, -1.3173, 1.7483, 0.6601, -1.3131, 1.7456
0.5743, -1.3173, 1.7483, 0.6588, -1.3131, 1.7455
0.5743, -1.3173, 1.7483, 0.6583, -1.3131, 1.7455
0.5743, -1.3173, 1.7483, 0.6577, -1.3131, 1.7454
0.5743, -1.3173, 1.7483, 0.6571, -1.3131, 1.7454
0.5743, -1.3173, 1.7483, 0.6565, -1.3131, 1.7453
0.5743, -1.3173, 1.7483, 0.6553, -1.3132, 1.7452
0.5743, -1.3173, 1.7483, 0.6548, -1.3132, 1.7452
0.5743, -1.3173, 1.7483, 0.6542, -1.3132, 1.7451
0.5743, -1.3173, 1.7483, 0.6536, -1.3132, 1.7451
0.5743, -1.3173, 1.7483, 0.6526, -1.3132, 1.7450
0.5743, -1.3173, 1.7483, 0.6520, -1.3132, 1.7449
0.5743, -1.3173, 1.7483, 0.6515, -1.3132, 1.7449
0.5743, -1.3173, 1.7483, 0.6509, -1.3132, 1.7449
0.5743, -1.3173, 1.7483, 0.6499, -1.3132, 1.7448
0.5743, -1.3173, 1.7483, 0.6493, -1.3132, 1.7447
0.5743, -1.3173, 1.7483, 0.6488, -1.3132, 1.7447
0.5743, -1.3173, 1.7483, 0.6483, -1.3133, 1.7447
0.5743, -1.3173, 1.7483, 0.6471, -1.3133, 1.7446
0.5743, -1.3173, 1.7483, 0.6466, -1.3134, 1.7446
0.5743, -1.3173, 1.7483, 0.6461, -1.3134, 1.7445
0.5743, -1.3173, 1.7483, 0.6456, -1.3135, 1.7445
0.5743, -1.3173, 1.7483, 0.6446, -1.3136, 1.7444
0.5743, -1.3173, 1.7483, 0.6442, -1.3137, 1.7444
0.5743, -1.3173, 1.7483, 0.6437, -1.3137, 1.7443
0.5743, -1.3173, 1.7483, 0.6432, -1.3138, 1.7443
2.1543, -1.3269, 1.8058, 0.6423, -1.3140, 1.7442
2.1543, -1.3269, 1.8058, 0.6418, -1.3141, 1.7442
2.1543, -1.3269, 1.8058, 0.6413, -1.3142, 1.7442
2.1543, -1.3269, 1.8058, 0.6409, -1.3142, 1.7441
2.1543, -1.3269, 1.8058, 0.6400, -1.3144, 1.7440
2.1543, -1.3269, 1.8058, 0.6395, -1.3145, 1.7439
2.1543, -1.3269, 1.8058, 0.6390, -1.3146, 1.7439
2.1543, -1.3269, 1.8058, 0.6385, -1.3147, 1.7439
2.1543, -1.3269, 1.8058, 0.6377, -1.3150, 1.7437
2.1543, -1.3269, 1.8058, 0.6372, -1.3151, 1.7437
2.1543, -1.3269, 1.8058, 0.6367, -1.3152, 1.7437
2.1543, -1.3269, 1.8058, 0.6363, -1.3153, 1.7436
2.1543, -1.3269, 1.8058, 0.6353, -1.3155, 1.7436
2.1543, -1.3269, 1.8058, 0.6349, -1.3156, 1.7435
2.1543, -1.3269, 1.8058, 0.6345, -1.3157, 1.7435
2.1543, -1.3269, 1.8058, 0.6340, -1.3157, 1.7435
2.1543, -1.3269, 1.8058, 0.6332, -1.3160, 1.7434
2.1543, -1.3269, 1.8058, 0.6327, -1.3161, 1.7433
2.1543, -1.3269, 1.8058, 0.6323, -1.3162, 1.7433
2.1543, -1.3269, 1.8058, 0.6319, -1.3163, 1.7433
2.1543, -1.3269, 1.8058, 0.6311, -1.3165, 1.7432
2.1543, -1.3269, 1.8058, 0.6307, -1.3166, 1.7432
2.1543, -1.3269, 1.8058, 0.6303, -1.3167, 1.7431
2.1543, -1.3269, 1.8058, 0.6299, -1.3168, 1.7431
2.1543, -1.3269, 1.8058, 0.6291, -1.3170, 1.7430
2.1543, -1.3269, 1.8058, 0.6287, -1.3170, 1.7430
2.1543, -1.3269, 1.8058, 0.6283, -1.3171, 1.7430
2.1543, -1.3269, 1.8058, 0.6279, -1.3172, 1.7429
2.1543, -1.3269, 1.8058, 0.6271, -1.3174, 1.7428
2.1543, -1.3269, 1.8058, 0.6267, -1.3174, 1.7428
2.1543, -1.3269, 1.8058, 0.6263, -1.3175, 1.7427
2.1543, -1.3269, 1.8058, 0.6260, -1.3176, 1.7427
2.1543, -1.3269, 1.8058, 0.6252, -1.3178, 1.7426
2.1543, -1.3269, 1.8058, 0.6248, -1.3178, 1.7426
2.1543, -1.3269, 1.8058, 0.6245, -1.3179, 1.7426
2.1543, -1.3269, 1.8058, 0.6243, -1.3180, 1.7425
2.1543, -1.3269, 1.8058, 0.6241, -1.3181, 1.7425
2.1543, -1.3269, 1.8058, 0.6241, -1.3182, 1.7425
2.1543, -1.3269, 1.8058, 0.6241, -1.3182, 1.7425
2.1543, -1.3269, 1.8058, 0.6243, -1.3183, 1.7425
2.1543, -1.3269, 1.8058, 0.6248, -1.3184, 1.7425
2.1543, -1.3269, 1.8058, 0.6251, -1.3184, 1.7425
2.1543, -1.3269, 1.8058, 0.6255, -1.3185, 1.7425
2.1543, -1.3269, 1.8058, 0.6261, -1.3186, 1.7425
2.1543, -1.3269, 1.8058, 0.6266, -1.3186, 1.7425
2.1543, -1.3269, 1.8058, 0.6279, -1.3187, 1.7425
2.1543, -1.3269, 1.8058, 0.6286, -1.3187, 1.7425
2.1543, -1.3269, 1.8058, 0.6295, -1.3188, 1.7425
2.1543, -1.3269, 1.8058, 0.6303, -1.3188, 1.7425
2.1543, -1.3269, 1.8058, 0.6322, -1.3189, 1.7425
2.1543, -1.3269, 1.8058, 0.6333, -1.3189, 1.7426
2.1543, -1.3269, 1.8058, 0.6344, -1.3189, 1.7426
2.1543, -1.3269, 1.8058, 0.6355, -1.3189, 1.7427
2.1543, -1.3269, 1.8058, 0.6380, -1.3190, 1.7428
2.1543, -1.3269, 1.8058, 0.6394, -1.3190, 1.7428
2.1543, -1.3269, 1.8058, 0.6408, -1.3190, 1.7429
2.1543, -1.3269, 1.8058, 0.6424, -1.3190, 1.7430
2.1543, -1.3269, 1.8058, 0.6456, -1.3191, 1.7431
2.1543, -1.3269, 1.8058, 0.6473, -1.3191, 1.7432
2.1543, -1.3269, 1.8058, 0.6491, -1.3191, 1.7434
2.1543, -1.3269, 1.8058, 0.6509, -1.3191, 1.7435
2.1543, -1.3269, 1.8058, 0.6548, -1.3191, 1.7437
2.1543, -1.3269, 1.8058, 0.6569, -1.3192, 1.7438
2.1543, -1.3269, 1.8058, 0.6590, -1.3192, 1.7440
2.1543, -1.3269, 1.8058, 0.6611, -1.3193, 1.7441
2.1543, -1.3269, 1.8058, 0.6655, -1.3193, 1.7444
2.1543, -1.3269, 1.8058, 0.6679, -1.3194, 1.7446
2.1543, -1.3269, 1.8058, 0.6703, -1.3195, 1.7447
2.1543, -1.3269, 1.8058, 0.6727, -1.3195, 1.7449
2.1543, -1.3269, 1.8058, 0.6779, -1.3196, 1.7452
2.1543, -1.3269, 1.8058, 0.6805, -1.3197, 1.7454
2.1543, -1.3269, 1.8058, 0.6833, -1.3197, 1.7456
2.1543, -1.3269, 1.8059, 0.6861, -1.3198, 1.7457
2.1543, -1.3269, 1.8058, 0.6918, -1.3199, 1.7461
2.1543, -1.3269, 1.8058, 0.6948, -1.3200, 1.7463
2.1543, -1.3269, 1.8058, 0.6978, -1.3200, 1.7465
2.1543, -1.3269, 1.8058, 0.7009, -1.3201, 1.7467
2.1543, -1.3269, 1.8058, 0.7073, -1.3202, 1.7471
2.1543, -1.3269, 1.8058, 0.7106, -1.3202, 1.7472
2.1543, -1.3269, 1.8058, 0.7141, -1.3203, 1.7474
2.1543, -1.3269, 1.8058, 0.7175, -1.3203, 1.7476
2.1543, -1.3269, 1.8058, 0.7210, -1.3204, 1.7478
2.1543, -1.3269, 1.8058, 0.7245, -1.3204, 1.7480
2.1543, -1.3269, 1.8058, 0.7318, -1.3206, 1.7484
2.1543, -1.3269, 1.8058, 0.7355, -1.3206, 1.7486
2.1543, -1.3269, 1.8058, 0.7431, -1.3207, 1.7490
2.1543, -1.3269, 1.8058, 0.7470, -1.3207, 1.7492
2.1543, -1.3269, 1.8058, 0.7509, -1.3208, 1.7494
2.1543, -1.3269, 1.8058, 0.7548, -1.3209, 1.7496
2.1543, -1.3269, 1.8058, 0.7628, -1.3210, 1.7500
2.1543, -1.3269, 1.8058, 0.7669, -1.3211, 1.7502
2.1543, -1.3269, 1.8058, 0.7710, -1.3212, 1.7504
2.1543, -1.3269, 1.8058, 0.7752, -1.3212, 1.7506
2.1543, -1.3269, 1.8058, 0.7837, -1.3214, 1.7510
2.1543, -1.3269, 1.8058, 0.7881, -1.3215, 1.7512
2.1543, -1.3269, 1.8058, 0.7924, -1.3215, 1.7514
2.1543, -1.3269, 1.8058, 0.7969, -1.3216, 1.7516
2.1543, -1.3269, 1.8058, 0.8059, -1.3218, 1.7520
2.1543, -1.3269, 1.8058, 0.8104, -1.3219, 1.7522
2.1543, -1.3269, 1.8058, 0.8151, -1.3220, 1.7524
2.1543, -1.3269, 1.8059, 0.8198, -1.3221, 1.7526
2.1543, -1.3269, 1.8058, 0.8244, -1.3221, 1.7529
2.1543, -1.3269, 1.8058, 0.8291, -1.3223, 1.7530
2.1543, -1.3269, 1.8058, 0.8386, -1.3224, 1.7535
2.1543, -1.3269, 1.8058, 0.8434, -1.3225, 1.7537
2.1543, -1.3269, 1.8058, 0.8482, -1.3225, 1.7539
2.1543, -1.3269, 1.8058, 0.8580, -1.3228, 1.7543
2.1543, -1.3269, 1.8058, 0.8629, -1.3229, 1.7545
2.1543, -1.3269, 1.8059, 0.8679, -1.3230, 1.7547
2.1543, -1.3269, 1.8058, 0.8728, -1.3230, 1.7549
2.1543, -1.3269, 1.8058, 0.8829, -1.3232, 1.7554
2.1543, -1.3269, 1.8058, 0.8879, -1.3233, 1.7557
2.1543, -1.3269, 1.8058, 0.8930, -1.3234, 1.7559
2.1543, -1.3269, 1.8058, 0.8981, -1.3234, 1.7561
2.1543, -1.3269, 1.8058, 0.9085, -1.3236, 1.7566
2.1543, -1.3269, 1.8058, 0.9137, -1.3237, 1.7569
2.1543, -1.3269, 1.8058, 0.9190, -1.3238, 1.7571
2.1543, -1.3269, 1.8058, 0.9239, -1.3239, 1.7574
2.1543, -1.3269, 1.8058, 0.9346, -1.3241, 1.7580
2.1543, -1.3269, 1.8058, 0.9399, -1.3242, 1.7583
2.1543, -1.3269, 1.8058, 0.9452, -1.3242, 1.7585
2.1543, -1.3269, 1.8058, 0.9505, -1.3243, 1.7588
2.1543, -1.3269, 1.8058, 0.9612, -1.3246, 1.7593
2.1543, -1.3269, 1.8058, 0.9666, -1.3247, 1.7595
2.1543, -1.3269, 1.8059, 0.9720, -1.3248, 1.7598
2.1543, -1.3269, 1.8058, 0.9774, -1.3249, 1.7600
2.1543, -1.3269, 1.8058, 0.9882, -1.3251, 1.7605
2.1543, -1.3269, 1.8058, 0.9937, -1.3252, 1.7607
2.1543, -1.3269, 1.8058, 0.9992, -1.3252, 1.7610
2.1543, -1.3269, 1.8059, 1.0046, -1.3254, 1.7612
2.1543, -1.3269, 1.8058, 1.0155, -1.3256, 1.7617
2.1543, -1.3269, 1.8058, 1.0210, -1.3257, 1.7619
2.1543, -1.3269, 1.8058, 1.0265, -1.3258, 1.7622
2.1543, -1.3269, 1.8058, 1.0321, -1.3258, 1.7624
2.1543, -1.3269, 1.8058, 1.0432, -1.3261, 1.7629
2.1543, -1.3269, 1.8058, 1.0487, -1.3262, 1.7631
2.1543, -1.3269, 1.8058, 1.0542, -1.3263, 1.7633
2.1543, -1.3269, 1.8058, 1.0597, -1.3264, 1.7636
2.1543, -1.3269, 1.8058, 1.0708, -1.3267, 1.7640
2.1543, -1.3269, 1.8058, 1.0763, -1.3268, 1.7643
2.1543, -1.3269, 1.8058, 1.0818, -1.3269, 1.7645
2.1543, -1.3269, 1.8059, 1.0873, -1.3271, 1.7647
2.1543, -1.3269, 1.8059, 1.0983, -1.3273, 1.7652
2.1543, -1.3269, 1.8059, 1.1039, -1.3274, 1.7654
2.1543, -1.3269, 1.8059, 1.1093, -1.3275, 1.7656
2.1543, -1.3269, 1.8058, 1.1148, -1.3276, 1.7658
2.1543, -1.3269, 1.8058, 1.1260, -1.3279, 1.7662
2.1543, -1.3269, 1.8058, 1.1315, -1.3280, 1.7664
2.1543, -1.3269, 1.8058, 1.1369, -1.3281, 1.7667
2.1543, -1.3269, 1.8058, 1.1424, -1.3283, 1.7669
2.1543, -1.3269, 1.8058, 1.1535, -1.3285, 1.7673
2.1543, -1.3269, 1.8058, 1.1590, -1.3286, 1.7676
2.1543, -1.3269, 1.8058, 1.1645, -1.3288, 1.7678
2.1543, -1.3269, 1.8058, 1.1699, -1.3289, 1.7681
2.1543, -1.3269, 1.8058, 1.1808, -1.3291, 1.7686
2.1543, -1.3269, 1.8058, 1.1862, -1.3291, 1.7689
2.1543, -1.3269, 1.8058, 1.1917, -1.3292, 1.7692
2.1543, -1.3269, 1.8058, 1.1970, -1.3293, 1.7694
2.1543, -1.3269, 1.8058, 1.2078, -1.3295, 1.7699
2.1543, -1.3269, 1.8058, 1.2131, -1.3296, 1.7702
2.1543, -1.3269, 1.8058, 1.2185, -1.3297, 1.7705
2.1543, -1.3269, 1.8058, 1.2239, -1.3298, 1.7707
2.1543, -1.3269, 1.8058, 1.2345, -1.3300, 1.7712
2.1543, -1.3269, 1.8058, 1.2397, -1.3300, 1.7714
2.1543, -1.3269, 1.8058, 1.2450, -1.3301, 1.7717
2.1543, -1.3269, 1.8058, 1.2503, -1.3302, 1.7720
2.1543, -1.3269, 1.8058, 1.2608, -1.3303, 1.7724
2.1543, -1.3269, 1.8058, 1.2660, -1.3304, 1.7727
2.1543, -1.3269, 1.8058, 1.2712, -1.3305, 1.7729
2.1543, -1.3269, 1.8058, 1.2764, -1.3305, 1.7731
2.1543, -1.3269, 1.8058, 1.2816, -1.3306, 1.7733
2.1543, -1.3269, 1.8058, 1.2919, -1.3307, 1.7738
2.1543, -1.3269, 1.8058, 1.2969, -1.3307, 1.7740
2.1543, -1.3269, 1.8058, 1.3020, -1.3307, 1.7742
2.1543, -1.3269, 1.8058, 1.3071, -1.3308, 1.7745
2.1543, -1.3269, 1.8058, 1.3173, -1.3308, 1.7749
2.1543, -1.3269, 1.8058, 1.3222, -1.3308, 1.7751
2.1543, -1.3269, 1.8058, 1.3272, -1.3308, 1.7753
2.1543, -1.3269, 1.8058, 1.3323, -1.3309, 1.7755
2.1543, -1.3269, 1.8058, 1.3423, -1.3309, 1.7759
2.1543, -1.3269, 1.8058, 1.3472, -1.3310, 1.7762
2.1543, -1.3269, 1.8058, 1.3521, -1.3310, 1.7764
2.1543, -1.3269, 1.8059, 1.3571, -1.3311, 1.7765
2.1543, -1.3269, 1.8059, 1.3668, -1.3311, 1.7769
2.1543, -1.3269, 1.8059, 1.3717, -1.3311, 1.7771
2.1543, -1.3269, 1.8059, 1.3764, -1.3312, 1.7773
2.1543, -1.3269, 1.8059, 1.3812, -1.3312, 1.7775
2.1543, -1.3269, 1.8058, 1.3908, -1.3313, 1.7778
2.1543, -1.3269, 1.8058, 1.3955, -1.3313, 1.7780
2.1543, -1.3269, 1.8058, 1.4002, -1.3313, 1.7781
2.1543, -1.3269, 1.8058, 1.4049, -1.3313, 1.7783
2.1543, -1.3269, 1.8058, 1.4142, -1.3314, 1.7787
2.1543, -1.3269, 1.8058, 1.4189, -1.3314, 1.7788
2.1543, -1.3269, 1.8058, 1.4235, -1.3315, 1.7790
2.1543, -1.3269, 1.8058, 1.4281, -1.3315, 1.7791
2.1543, -1.3269, 1.8058, 1.4372, -1.3315, 1.7795
2.1543, -1.3269, 1.8058, 1.4418, -1.3315, 1.7796
2.1543, -1.3269, 1.8058, 1.4463, -1.3316, 1.7798
2.1543, -1.3269, 1.8058, 1.4508, -1.3316, 1.7799
2.1543, -1.3269, 1.8058, 1.4597, -1.3316, 1.7803
2.1543, -1.3269, 1.8058, 1.4642, -1.3316, 1.7804
2.1543, -1.3269, 1.8058, 1.4686, -1.3316, 1.7806
2.1543, -1.3269, 1.8058, 1.4730, -1.3317, 1.7807
2.1543, -1.3269, 1.8058, 1.4817, -1.3317, 1.7811
2.1543, -1.3269, 1.8058, 1.4861, -1.3317, 1.7812
2.1543, -1.3269, 1.8058, 1.4903, -1.3317, 1.7814
2.1543, -1.3269, 1.8058, 1.4946, -1.3317, 1.7815
2.1543, -1.3269, 1.8058, 1.5031, -1.3318, 1.7818
2.1543, -1.3269, 1.8058, 1.5073, -1.3318, 1.7820
2.1543, -1.3269, 1.8058, 1.5115, -1.3318, 1.7821
2.1543, -1.3269, 1.8058, 1.5157, -1.3318, 1.7823
2.1543, -1.3269, 1.8058, 1.5240, -1.3318, 1.7826
2.1543, -1.3269, 1.8058, 1.5281, -1.3318, 1.7827
2.1543, -1.3269, 1.8058, 1.5321, -1.3318, 1.7829
2.1543, -1.3269, 1.8058, 1.5362, -1.3319, 1.7830
2.1543, -1.3269, 1.8058, 1.5403, -1.3319, 1.7831
2.1543, -1.3269, 1.8058, 1.5483, -1.3319, 1.7834
2.1543, -1.3269, 1.8058, 1.5522, -1.3319, 1.7835
2.1543, -1.3269, 1.8058, 1.5562, -1.3319, 1.7836
2.1543, -1.3269, 1.8058, 1.5641, -1.3319, 1.7839
2.1543, -1.3269, 1.8058, 1.5680, -1.3319, 1.7840
2.1543, -1.3269, 1.8058, 1.5720, -1.3319, 1.7841
2.1543, -1.3269, 1.8058, 1.5758, -1.3320, 1.7842
2.1543, -1.3269, 1.8058, 1.5835, -1.3320, 1.7844
2.1543, -1.3269, 1.8058, 1.5872, -1.3320, 1.7845
2.1543, -1.3269, 1.8058, 1.5910, -1.3320, 1.7846
2.1543, -1.3269, 1.8058, 1.5948, -1.3320, 1.7847
2.1543, -1.3269, 1.8058, 1.6023, -1.3320, 1.7849
2.1543, -1.3269, 1.8058, 1.6060, -1.3320, 1.7850
2.1543, -1.3269, 1.8058, 1.6096, -1.3320, 1.7851
2.1543, -1.3269, 1.8058, 1.6132, -1.3320, 1.7852
2.1543, -1.3269, 1.8058, 1.6168, -1.3321, 1.7853
2.1543, -1.3269, 1.8058, 1.6239, -1.3321, 1.7855
2.1543, -1.3269, 1.8058, 1.6274, -1.3321, 1.7856
2.1543, -1.3269, 1.8058, 1.6310, -1.3321, 1.7856
2.1543, -1.3269, 1.8058, 1.6345, -1.3321, 1.7858
2.1543, -1.3269, 1.8058, 1.6414, -1.3321, 1.7859
2.1543, -1.3269, 1.8058, 1.6448, -1.3321, 1.7860
2.1543, -1.3269, 1.8058, 1.6482, -1.3322, 1.7861
2.1543, -1.3269, 1.8058, 1.6517, -1.3322, 1.7862
2.1543, -1.3269, 1.8058, 1.6584, -1.3322, 1.7864
2.1543, -1.3269, 1.8058, 1.6617, -1.3322, 1.7864
2.1543, -1.3269, 1.8058, 1.6651, -1.3322, 1.7866
2.1543, -1.3269, 1.8058, 1.6684, -1.3322, 1.7866
2.1543, -1.3269, 1.8058, 1.6749, -1.3323, 1.7868
2.1543, -1.3269, 1.8058, 1.6781, -1.3323, 1.7869
2.1543, -1.3269, 1.8058, 1.6813, -1.3323, 1.7870
2.1543, -1.3269, 1.8058, 1.6845, -1.3323, 1.7871
2.1543, -1.3269, 1.8058, 1.6911, -1.3323, 1.7873
2.1543, -1.3269, 1.8058, 1.6941, -1.3324, 1.7874
2.1543, -1.3269, 1.8058, 1.6971, -1.3324, 1.7875
2.1543, -1.3269, 1.8058, 1.7003, -1.3324, 1.7876
2.1543, -1.3269, 1.8058, 1.7063, -1.3324, 1.7878
2.1543, -1.3269, 1.8058, 1.7094, -1.3325, 1.7879
2.1543, -1.3269, 1.8058, 1.7124, -1.3325, 1.7879
2.1543, -1.3269, 1.8058, 1.7154, -1.3325, 1.7881
2.1543, -1.3269, 1.8058, 1.7183, -1.3325, 1.7881
2.1543, -1.3269, 1.8058, 1.7242, -1.3325, 1.7883
2.1543, -1.3269, 1.8058, 1.7271, -1.3326, 1.7884
2.1543, -1.3269, 1.8058, 1.7300, -1.3326, 1.7885
2.1543, -1.3269, 1.8059, 1.7357, -1.3327, 1.7887
2.1543, -1.3269, 1.8059, 1.7385, -1.3327, 1.7888
2.1543, -1.3269, 1.8059, 1.7413, -1.3327, 1.7889
2.1543, -1.3269, 1.8059, 1.7441, -1.3328, 1.7890
2.1543, -1.3269, 1.8059, 1.7497, -1.3329, 1.7891
2.1543, -1.3269, 1.8058, 1.7524, -1.3330, 1.7892
2.1543, -1.3269, 1.8059, 1.7551, -1.3330, 1.7893
2.1543, -1.3269, 1.8059, 1.7578, -1.3331, 1.7894
2.1543, -1.3269, 1.8059, 1.7632, -1.3332, 1.7896
2.1543, -1.3269, 1.8059, 1.7658, -1.3333, 1.7897
2.1543, -1.3269, 1.8059, 1.7684, -1.3334, 1.7897
2.1543, -1.3269, 1.8059, 1.7710, -1.3334, 1.7898
2.1543, -1.3269, 1.8059, 1.7762, -1.3335, 1.7900
2.1543, -1.3269, 1.8059, 1.7788, -1.3336, 1.7900
2.1543, -1.3269, 1.8058, 1.7813, -1.3337, 1.7901
2.1543, -1.3269, 1.8058, 1.7839, -1.3337, 1.7902
2.1543, -1.3269, 1.8058, 1.7889, -1.3338, 1.7904
2.1543, -1.3269, 1.8058, 1.7914, -1.3339, 1.7904
2.1543, -1.3269, 1.8058, 1.7938, -1.3340, 1.7905
2.1543, -1.3269, 1.8058, 1.7962, -1.3340, 1.7906
2.1543, -1.3269, 1.8058, 1.8011, -1.3341, 1.7907
2.1543, -1.3269, 1.8058, 1.8034, -1.3342, 1.7908
2.1543, -1.3269, 1.8058, 1.8058, -1.3343, 1.7909
2.1543, -1.3269, 1.8058, 1.8081, -1.3344, 1.7909
2.1543, -1.3269, 1.8058, 1.8128, -1.3345, 1.7911
2.1543, -1.3269, 1.8058, 1.8151, -1.3346, 1.7912
2.1543, -1.3269, 1.8058, 1.8174, -1.3347, 1.7913
2.1543, -1.3269, 1.8058, 1.8196, -1.3348, 1.7913
2.1543, -1.3269, 1.8058, 1.8242, -1.3350, 1.7915
2.1543, -1.3269, 1.8058, 1.8264, -1.3351, 1.7916
2.1543, -1.3269, 1.8058, 1.8285, -1.3351, 1.7917
2.1543, -1.3269, 1.8058, 1.8307, -1.3352, 1.7917
2.1543, -1.3269, 1.8058, 1.8329, -1.3353, 1.7918
2.1543, -1.3269, 1.8058, 1.8372, -1.3355, 1.7921
2.1543, -1.3269, 1.8058, 1.8393, -1.3355, 1.7922
2.1543, -1.3269, 1.8058, 1.8414, -1.3356, 1.7923
2.1543, -1.3269, 1.8058, 1.8435, -1.3357, 1.7924
2.1543, -1.3269, 1.8058, 1.8456, -1.3358, 1.7925
2.1543, -1.3269, 1.8058, 1.8497, -1.3359, 1.7927
2.1543, -1.3269, 1.8058, 1.8518, -1.3360, 1.7928
2.1543, -1.3269, 1.8058, 1.8538, -1.3361, 1.7929
2.1543, -1.3269, 1.8058, 1.8578, -1.3363, 1.7931
2.1543, -1.3269, 1.8058, 1.8598, -1.3364, 1.7933
2.1543, -1.3269, 1.8058, 1.8618, -1.3365, 1.7934
2.1543, -1.3269, 1.8058, 1.8657, -1.3366, 1.7937
2.1543, -1.3269, 1.8058, 1.8676, -1.3367, 1.7938
2.1543, -1.3269, 1.8058, 1.8695, -1.3368, 1.7939
2.1543, -1.3269, 1.8058, 1.8715, -1.3369, 1.7940
2.1543, -1.3269, 1.8058, 1.8734, -1.3369, 1.7942
2.1543, -1.3269, 1.8058, 1.8753, -1.3370, 1.7943
2.1543, -1.3269, 1.8058, 1.8790, -1.3371, 1.7945
2.1543, -1.3269, 1.8058, 1.8809, -1.3372, 1.7947
2.1543, -1.3269, 1.8058, 1.8827, -1.3373, 1.7948
2.1543, -1.3269, 1.8058, 1.8864, -1.3374, 1.7950
2.1543, -1.3269, 1.8058, 1.8882, -1.3375, 1.7951
2.1543, -1.3269, 1.8058, 1.8900, -1.3376, 1.7953
2.1543, -1.3269, 1.8058, 1.8918, -1.3376, 1.7954
2.1543, -1.3269, 1.8058, 1.8953, -1.3378, 1.7956
2.1543, -1.3269, 1.8058, 1.8971, -1.3378, 1.7957
2.1543, -1.3269, 1.8058, 1.8988, -1.3379, 1.7958
2.1543, -1.3269, 1.8058, 1.9006, -1.3380, 1.7959
2.1543, -1.3269, 1.8058, 1.9040, -1.3381, 1.7961
2.1543, -1.3269, 1.8058, 1.9056, -1.3382, 1.7962
2.1543, -1.3269, 1.8058, 1.9073, -1.3383, 1.7963
2.1543, -1.3269, 1.8058, 1.9090, -1.3383, 1.7964
2.1543, -1.3269, 1.8058, 1.9107, -1.3383, 1.7965
2.1543, -1.3269, 1.8058, 1.9141, -1.3384, 1.7966
2.1543, -1.3269, 1.8058, 1.9157, -1.3385, 1.7967
2.1543, -1.3269, 1.8058, 1.9173, -1.3385, 1.7968
2.1543, -1.3269, 1.8058, 1.9205, -1.3386, 1.7970
2.1543, -1.3269, 1.8058, 1.9221, -1.3386, 1.7971
2.1543, -1.3269, 1.8058, 1.9238, -1.3386, 1.7972
2.1543, -1.3269, 1.8058, 1.9254, -1.3387, 1.7972
2.1543, -1.3269, 1.8058, 1.9284, -1.3388, 1.7974
2.1543, -1.3269, 1.8058, 1.9299, -1.3388, 1.7975
2.1543, -1.3269, 1.8058, 1.9314, -1.3389, 1.7975
2.1543, -1.3269, 1.8058, 1.9330, -1.3389, 1.7976
2.1543, -1.3269, 1.8058, 1.9361, -1.3390, 1.7978
2.1543, -1.3269, 1.8058, 1.9376, -1.3390, 1.7978
2.1543, -1.3269, 1.8058, 1.9390, -1.3391, 1.7979
2.1543, -1.3269, 1.8058, 1.9405, -1.3391, 1.7980
2.1543, -1.3269, 1.8058, 1.9434, -1.3392, 1.7981
2.1543, -1.3269, 1.8058, 1.9449, -1.3392, 1.7982
2.1543, -1.3269, 1.8058, 1.9464, -1.3392, 1.7983
2.1543, -1.3269, 1.8058, 1.9478, -1.3393, 1.7983
2.1543, -1.3269, 1.8058, 1.9507, -1.3393, 1.7985
2.1543, -1.3269, 1.8058, 1.9521, -1.3394, 1.7985
2.1543, -1.3269, 1.8058, 1.9534, -1.3395, 1.7986
2.1543, -1.3269, 1.8058, 1.9548, -1.3395, 1.7987
2.1543, -1.3269, 1.8058, 1.9576, -1.3396, 1.7989
2.1543, -1.3269, 1.8058, 1.9590, -1.3397, 1.7990
2.1543, -1.3269, 1.8058, 1.9603, -1.3398, 1.7991
2.1543, -1.3269, 1.8058, 1.9617, -1.3398, 1.7991
2.1543, -1.3269, 1.8058, 1.9644, -1.3398, 1.7993
2.1543, -1.3269, 1.8058, 1.9657, -1.3399, 1.7994
2.1543, -1.3269, 1.8058, 1.9670, -1.3400, 1.7995
2.1543, -1.3269, 1.8058, 1.9682, -1.3400, 1.7996
2.1543, -1.3269, 1.8058, 1.9709, -1.3401, 1.7997
2.1543, -1.3269, 1.8058, 1.9722, -1.3401, 1.7998
2.1543, -1.3269, 1.8058, 1.9734, -1.3402, 1.7999
2.1543, -1.3269, 1.8058, 1.9747, -1.3402, 1.7999
2.1543, -1.3269, 1.8058, 1.9760, -1.3403, 1.8000
2.1543, -1.3269, 1.8058, 1.9784, -1.3403, 1.8001
2.1543, -1.3269, 1.8058, 1.9795, -1.3404, 1.8002
2.1543, -1.3269, 1.8058, 1.9808, -1.3404, 1.8002
2.1543, -1.3269, 1.8058, 1.9820, -1.3405, 1.8003
2.1543, -1.3269, 1.8058, 1.9844, -1.3406, 1.8004
2.1543, -1.3269, 1.8058, 1.9855, -1.3406, 1.8005
2.1543, -1.3269, 1.8058, 1.9867, -1.3407, 1.8005
2.1543, -1.3269, 1.8058, 1.9879, -1.3407, 1.8006
2.1543, -1.3269, 1.8058, 1.9902, -1.3408, 1.8007
2.1543, -1.3269, 1.8058, 1.9913, -1.3408, 1.8007
2.1543, -1.3269, 1.8058, 1.9924, -1.3408, 1.8008
2.1543, -1.3269, 1.8058, 1.9936, -1.3408, 1.8008
2.1543, -1.3269, 1.8058, 1.9958, -1.3409, 1.8010
2.1543, -1.3269, 1.8058, 1.9969, -1.3410, 1.8011
2.1543, -1.3269, 1.8058, 1.9980, -1.3410, 1.8011
2.1543, -1.3269, 1.8058, 1.9991, -1.3410, 1.8011
2.1543, -1.3269, 1.8058, 2.0013, -1.3410, 1.8012
2.1543, -1.3269, 1.8058, 2.0023, -1.3411, 1.8013
2.1543, -1.3269, 1.8058, 2.0034, -1.3411, 1.8014
2.1543, -1.3269, 1.8058, 2.0044, -1.3411, 1.8014
2.1543, -1.3269, 1.8058, 2.0065, -1.3412, 1.8014
2.1543, -1.3269, 1.8058, 2.0075, -1.3412, 1.8015
2.1543, -1.3269, 1.8058, 2.0086, -1.3412, 1.8015
2.1543, -1.3269, 1.8058, 2.0096, -1.3412, 1.8016
2.1543, -1.3269, 1.8058, 2.0116, -1.3413, 1.8017
2.1543, -1.3269, 1.8058, 2.0126, -1.3413, 1.8017
2.1543, -1.3269, 1.8058, 2.0136, -1.3413, 1.8018
2.1543, -1.3269, 1.8058, 2.0146, -1.3413, 1.8018
2.1543, -1.3269, 1.8058, 2.0155, -1.3413, 1.8019
2.1543, -1.3269, 1.8058, 2.0174, -1.3413, 1.8020
2.1543, -1.3269, 1.8058, 2.0183, -1.3414, 1.8020
2.1543, -1.3269, 1.8058, 2.0193, -1.3414, 1.8021
2.1543, -1.3269, 1.8058, 2.0212, -1.3414, 1.8022
2.1543, -1.3269, 1.8058, 2.0221, -1.3414, 1.8022
2.1543, -1.3269, 1.8058, 2.0230, -1.3414, 1.8022
2.1543, -1.3269, 1.8058, 2.0239, -1.3414, 1.8023
2.1543, -1.3269, 1.8058, 2.0257, -1.3414, 1.8023
2.1543, -1.3269, 1.8058, 2.0266, -1.3414, 1.8024
2.1543, -1.3269, 1.8058, 2.0275, -1.3414, 1.8024
2.1543, -1.3269, 1.8058, 2.0284, -1.3414, 1.8024
2.1543, -1.3269, 1.8058, 2.0301, -1.3414, 1.8025
2.1543, -1.3269, 1.8058, 2.0309, -1.3414, 1.8025
2.1543, -1.3269, 1.8058, 2.0318, -1.3414, 1.8026
2.1543, -1.3269, 1.8058, 2.0326, -1.3414, 1.8026
2.1543, -1.3269, 1.8058, 2.0344, -1.3414, 1.8027
2.1543, -1.3269, 1.8058, 2.0352, -1.3414, 1.8027
2.1543, -1.3269, 1.8058, 2.0360, -1.3414, 1.8028
2.1543, -1.3269, 1.8058, 2.0369, -1.3414, 1.8028
2.1543, -1.3269, 1.8058, 2.0385, -1.3414, 1.8029
2.1543, -1.3269, 1.8058, 2.0393, -1.3414, 1.8030
2.1543, -1.3269, 1.8058, 2.0401, -1.3414, 1.8030
2.1543, -1.3269, 1.8058, 2.0408, -1.3414, 1.8031
2.1543, -1.3269, 1.8058, 2.0423, -1.3414, 1.8032
2.1543, -1.3269, 1.8058, 2.0430, -1.3414, 1.8032
2.1543, -1.3269, 1.8058, 2.0438, -1.3414, 1.8033
2.1543, -1.3269, 1.8058, 2.0446, -1.3414, 1.8033
2.1543, -1.3269, 1.8058, 2.0461, -1.3414, 1.8034
2.1543, -1.3269, 1.8058, 2.0468, -1.3414, 1.8034
2.1543, -1.3269, 1.8058, 2.0476, -1.3414, 1.8035
2.1543, -1.3269, 1.8058, 2.0483, -1.3414, 1.8036
2.1543, -1.3269, 1.8058, 2.0490, -1.3414, 1.8037
2.1543, -1.3269, 1.8059, 2.0505, -1.3414, 1.8038
2.1543, -1.3269, 1.8059, 2.0512, -1.3414, 1.8038
2.1543, -1.3269, 1.8059, 2.0519, -1.3414, 1.8039
2.1543, -1.3269, 1.8059, 2.0526, -1.3414, 1.8040
2.1543, -1.3269, 1.8059, 2.0539, -1.3414, 1.8041
2.1543, -1.3269, 1.8059, 2.0546, -1.3414, 1.8042
2.1543, -1.3269, 1.8059, 2.0553, -1.3414, 1.8042
2.1543, -1.3269, 1.8059, 2.0559, -1.3414, 1.8043
2.1543, -1.3269, 1.8059, 2.0573, -1.3414, 1.8045
2.1543, -1.3269, 1.8059, 2.0579, -1.3414, 1.8045
2.1543, -1.3269, 1.8059, 2.0586, -1.3414, 1.8046
2.1543, -1.3269, 1.8059, 2.0593, -1.3414, 1.8047
2.1543, -1.3269, 1.8059, 2.0606, -1.3414, 1.8048
2.1543, -1.3269, 1.8059, 2.0612, -1.3414, 1.8049
2.1543, -1.3269, 1.8059, 2.0618, -1.3414, 1.8049
2.1543, -1.3269, 1.8059, 2.0625, -1.3414, 1.8050
2.1543, -1.3269, 1.8059, 2.0638, -1.3414, 1.8051
2.1543, -1.3269, 1.8058, 2.0644, -1.3414, 1.8052
2.1543, -1.3269, 1.8059, 2.0649, -1.3414, 1.8053
2.1543, -1.3269, 1.8059, 2.0655, -1.3414, 1.8054
2.1543, -1.3269, 1.8059, 2.0666, -1.3414, 1.8056
2.1543, -1.3269, 1.8059, 2.0672, -1.3414, 1.8056
2.1543, -1.3269, 1.8059, 2.0678, -1.3414, 1.8057
2.1543, -1.3269, 1.8059, 2.0684, -1.3414, 1.8058
2.1543, -1.3269, 1.8059, 2.0696, -1.3414, 1.8060
2.1543, -1.3269, 1.8059, 2.0702, -1.3414, 1.8060
2.1543, -1.3269, 1.8059, 2.0707, -1.3414, 1.8060
2.1543, -1.3269, 1.8059, 2.0713, -1.3414, 1.8061
2.1543, -1.3269, 1.8058, 2.0725, -1.3414, 1.8062
2.1543, -1.3269, 1.8058, 2.0730, -1.3414, 1.8063
2.1543, -1.3269, 1.8058, 2.0736, -1.3414, 1.8064
2.1543, -1.3269, 1.8058, 2.0741, -1.3414, 1.8064
2.1543, -1.3269, 1.8058, 2.0753, -1.3414, 1.8066
2.1543, -1.3269, 1.8058, 2.0758, -1.3414, 1.8066
2.1543, -1.3269, 1.8058, 2.0763, -1.3414, 1.8067
2.1543, -1.3269, 1.8058, 2.0769, -1.3414, 1.8068
2.1543, -1.3269, 1.8058, 2.0778, -1.3413, 1.8069
2.1543, -1.3269, 1.8058, 2.0783, -1.3413, 1.8070
2.1543, -1.3269, 1.8058, 2.0788, -1.3413, 1.8071
2.1543, -1.3269, 1.8058, 2.0793, -1.3413, 1.8071
2.1543, -1.3269, 1.8058, 2.0804, -1.3413, 1.8073
2.1543, -1.3269, 1.8058, 2.0809, -1.3413, 1.8073
2.1543, -1.3269, 1.8058, 2.0814, -1.3413, 1.8074
2.1543, -1.3269, 1.8058, 2.0819, -1.3413, 1.8074
2.1543, -1.3269, 1.8058, 2.0824, -1.3413, 1.8075
2.1543, -1.3269, 1.8058, 2.0834, -1.3413, 1.8076
2.1543, -1.3269, 1.8058, 2.0839, -1.3413, 1.8077
2.1543, -1.3269, 1.8058, 2.0844, -1.3413, 1.8078
2.1543, -1.3269, 1.8058, 2.0854, -1.3412, 1.8079
2.1543, -1.3269, 1.8058, 2.0858, -1.3412, 1.8079
2.1543, -1.3269, 1.8058, 2.0863, -1.3411, 1.8080
2.1543, -1.3269, 1.8058, 2.0868, -1.3411, 1.8081
2.1543, -1.3269, 1.8058, 2.0878, -1.3410, 1.8082
2.1543, -1.3269, 1.8058, 2.0882, -1.3409, 1.8082
2.1543, -1.3269, 1.8058, 2.0887, -1.3409, 1.8082
2.1543, -1.3269, 1.8058, 2.0891, -1.3408, 1.8082
2.1543, -1.3269, 1.8058, 2.0900, -1.3406, 1.8084
2.1543, -1.3269, 1.8058, 2.0904, -1.3405, 1.8084
2.1543, -1.3269, 1.8058, 2.0909, -1.3404, 1.8085
2.1543, -1.3269, 1.8058, 2.0913, -1.3404, 1.8085
2.1543, -1.3269, 1.8058, 2.0922, -1.3402, 1.8086
2.1543, -1.3269, 1.8058, 2.0926, -1.3401, 1.8087
2.1543, -1.3269, 1.8058, 2.0930, -1.3399, 1.8087
2.1543, -1.3269, 1.8058, 2.0935, -1.3398, 1.8087
2.1543, -1.3269, 1.8058, 2.0939, -1.3397, 1.8088
2.1543, -1.3269, 1.8058, 2.0948, -1.3395, 1.8088
2.1543, -1.3269, 1.8058, 2.0952, -1.3395, 1.8089
0.5743, -1.3173, 1.7483, 2.0957, -1.3393, 1.8089
0.5743, -1.3173, 1.7483, 2.0961, -1.3393, 1.8090
0.5743, -1.3173, 1.7483, 2.0970, -1.3391, 1.8090
0.5743, -1.3173, 1.7483, 2.0974, -1.3389, 1.8090
0.5743, -1.3173, 1.7483, 2.0978, -1.3389, 1.8090
0.5743, -1.3173, 1.7483, 2.0982, -1.3388, 1.8091
0.5743, -1.3173, 1.7483, 2.0991, -1.3386, 1.8092
0.5743, -1.3173, 1.7483, 2.0995, -1.3385, 1.8092
0.5743, -1.3173, 1.7483, 2.0999, -1.3384, 1.8092
0.5743, -1.3173, 1.7483, 2.1003, -1.3383, 1.8092
0.5743, -1.3173, 1.7483, 2.1010, -1.3381, 1.8093
0.5743, -1.3173, 1.7483, 2.1014, -1.3380, 1.8093
0.5743, -1.3173, 1.7483, 2.1017, -1.3379, 1.8093
0.5743, -1.3173, 1.7483, 2.1021, -1.3378, 1.8094
0.5743, -1.3173, 1.7483, 2.1028, -1.3376, 1.8094
0.5743, -1.3173, 1.7483, 2.1031, -1.3375, 1.8094
0.5743, -1.3173, 1.7483, 2.1034, -1.3374, 1.8095
0.5743, -1.3173, 1.7483, 2.1038, -1.3373, 1.8095
0.5743, -1.3173, 1.7483, 2.1045, -1.3371, 1.8096
0.5743, -1.3173, 1.7483, 2.1048, -1.3370, 1.8096
0.5743, -1.3173, 1.7483, 2.1052, -1.3369, 1.8096
0.5743, -1.3173, 1.7483, 2.1055, -1.3368, 1.8096
0.5743, -1.3173, 1.7483, 2.1062, -1.3366, 1.8097
0.5743, -1.3173, 1.7483, 2.1066, -1.3365, 1.8097
0.5743, -1.3173, 1.7483, 2.1070, -1.3364, 1.8097
0.5743, -1.3173, 1.7483, 2.1073, -1.3362, 1.8097
0.5743, -1.3173, 1.7483, 2.1080, -1.3360, 1.8098
0.5743, -1.3173, 1.7483, 2.1082, -1.3359, 1.8098
0.5743, -1.3173, 1.7483, 2.1084, -1.3358, 1.8098
0.5743, -1.3173, 1.7483, 2.1084, -1.3357, 1.8098
0.5743, -1.3173, 1.7483, 2.1084, -1.3355, 1.8098
0.5743, -1.3173, 1.7483, 2.1082, -1.3354, 1.8098
0.5743, -1.3173, 1.7483, 2.1081, -1.3353, 1.8098
0.5743, -1.3173, 1.7483, 2.1078, -1.3352, 1.8098
0.5743, -1.3173, 1.7483, 2.1071, -1.3349, 1.8098
0.5743, -1.3173, 1.7483, 2.1067, -1.3349, 1.8098
0.5743, -1.3173, 1.7483, 2.1061, -1.3348, 1.8098
0.5743, -1.3173, 1.7483, 2.1055, -1.3347, 1.8098
0.5743, -1.3173, 1.7483, 2.1049, -1.3346, 1.8098
0.5743, -1.3173, 1.7483, 2.1034, -1.3344, 1.8098
0.5743, -1.3173, 1.7483, 2.1025, -1.3343, 1.8098
0.5743, -1.3173, 1.7483, 2.1016, -1.3342, 1.8098
0.5743, -1.3173, 1.7483, 2.0996, -1.3340, 1.8098
0.5743, -1.3173, 1.7483, 2.0985, -1.3339, 1.8098
0.5743, -1.3173, 1.7483, 2.0974, -1.3338, 1.8098
0.5743, -1.3173, 1.7483, 2.0962, -1.3337, 1.8097
0.5743, -1.3173, 1.7483, 2.0935, -1.3335, 1.8097
0.5743, -1.3173, 1.7483, 2.0921, -1.3334, 1.8097
0.5743, -1.3173, 1.7483, 2.0906, -1.3333, 1.8096
0.5743, -1.3173, 1.7483, 2.0890, -1.3332, 1.8096
0.5743, -1.3173, 1.7483, 2.0857, -1.3331, 1.8095
0.5743, -1.3173, 1.7483, 2.0840, -1.3330, 1.8095
0.5743, -1.3173, 1.7483, 2.0822, -1.3329, 1.8095
0.5743, -1.3173, 1.7483, 2.0803, -1.3328, 1.8095
0.5743, -1.3173, 1.7483, 2.0764, -1.3326, 1.8093
0.5743, -1.3173, 1.7483, 2.0743, -1.3325, 1.8093
0.5743, -1.3173, 1.7483, 2.0722, -1.3324, 1.8092
0.5743, -1.3173, 1.7483, 2.0700, -1.3323, 1.8091
0.5743, -1.3173, 1.7483, 2.0677, -1.3322, 1.8090
0.5743, -0.8814, 1.1142, 2.0654, -1.3321, 1.8088
0.5743, -1.3173, 1.7483, 2.0605, -1.3319, 1.8086
0.5743, -1.3173, 1.7483, 2.0581, -1.3318, 1.8085
0.5743, -1.3173, 1.7483, 2.0528, -1.3316, 1.8082
0.5743, -1.3173, 1.7483, 2.0501, -1.3315, 1.8081
0.5743, -1.3173, 1.7483, 2.0474, -1.3314, 1.8080
0.5743, -1.3173, 1.7483, 2.0446, -1.3313, 1.8079
0.5743, -1.3173, 1.7483, 2.0387, -1.3312, 1.8076
0.5743, -1.3173, 1.7483, 2.0357, -1.3311, 1.8074
0.5743, -1.3173, 1.7483, 2.0326, -1.3310, 1.8073
0.5743, -1.3173, 1.7483, 2.0295, -1.3309, 1.8071
0.5743, -1.3173, 1.7483, 2.0230, -1.3307, 1.8068
0.5743, -1.3173, 1.7483, 2.0197, -1.3306, 1.8066
0.5743, -1.3173, 1.7483, 2.0163, -1.3305, 1.8065
0.5743, -1.3173, 1.7483, 2.0129, -1.3304, 1.8063
0.5743, -1.3173, 1.7483, 2.0094, -1.3303, 1.8061
0.5743, -1.3173, 1.7483, 2.0022, -1.3301, 1.8058
0.5743, -1.3173, 1.7483, 1.9985, -1.3300, 1.8056
0.5743, -1.3173, 1.7483, 1.9947, -1.3299, 1.8054
0.5743, -1.3173, 1.7483, 1.9909, -1.3298, 1.8051
0.5743, -1.3173, 1.7483, 1.9833, -1.3296, 1.8047
0.5743, -1.3173, 1.7483, 1.9793, -1.3295, 1.8045
0.5743, -1.3173, 1.7483, 1.9753, -1.3294, 1.8043
0.5743, -1.3173, 1.7483, 1.9713, -1.3293, 1.8040
0.5743, -1.3173, 1.7483, 1.9630, -1.3291, 1.8036
0.5743, -1.3173, 1.7483, 1.9589, -1.3290, 1.8034
0.5743, -1.3173, 1.7482, 1.9547, -1.3289, 1.8031
0.5743, -1.3173, 1.7482, 1.9505, -1.3288, 1.8029
0.5743, -1.3173, 1.7482, 1.9418, -1.3287, 1.8025
0.5743, -1.3173, 1.7483, 1.9373, -1.3286, 1.8022
0.5743, -1.3173, 1.7483, 1.9328, -1.3285, 1.8020
0.5743, -1.3173, 1.7483, 1.9284, -1.3284, 1.8018
0.5743, -1.3173, 1.7483, 1.9193, -1.3282, 1.8013
0.5743, -1.3173, 1.7483, 1.9146, -1.3280, 1.8012
0.5743, -1.3173, 1.7483, 1.9099, -1.3280, 1.8010
0.5743, -1.3173, 1.7483, 1.9051, -1.3278, 1.8008
0.5743, -1.3173, 1.7483, 1.8956, -1.3277, 1.8003
0.5743, -1.3173, 1.7483, 1.8908, -1.3276, 1.8001
0.5743, -1.3173, 1.7483, 1.8860, -1.3275, 1.7999
0.5743, -1.3173, 1.7483, 1.8812, -1.3274, 1.7997
0.5743, -1.3173, 1.7483, 1.8713, -1.3272, 1.7992
0.5743, -1.3173, 1.7483, 1.8663, -1.3271, 1.7990
0.5743, -1.3173, 1.7483, 1.8613, -1.3270, 1.7988
0.5743, -1.3173, 1.7483, 1.8563, -1.3269, 1.7986
0.5743, -1.3173, 1.7483, 1.8462, -1.3268, 1.7981
0.5743, -1.3173, 1.7483, 1.8411, -1.3267, 1.7979
0.5743, -1.3173, 1.7483, 1.8359, -1.3266, 1.7977
0.5743, -1.3173, 1.7483, 1.8308, -1.3265, 1.7975
0.5743, -1.3173, 1.7483, 1.8256, -1.3264, 1.7972
0.5743, -1.3173, 1.7483, 1.8151, -1.3262, 1.7968
0.5743, -1.3173, 1.7483, 1.8098, -1.3261, 1.7966
0.5743, -1.3173, 1.7483, 1.8045, -1.3260, 1.7963
0.5743, -1.3173, 1.7483, 1.7940, -1.3258, 1.7959
0.5743, -1.3173, 1.7483, 1.7887, -1.3257, 1.7957
0.5743, -1.3173, 1.7483, 1.7834, -1.3256, 1.7955
0.5743, -1.3173, 1.7483, 1.7781, -1.3255, 1.7953
0.5743, -1.3173, 1.7483, 1.7673, -1.3254, 1.7949
0.5743, -1.3173, 1.7483, 1.7620, -1.3253, 1.7946
0.5743, -1.3173, 1.7483, 1.7566, -1.3252, 1.7944
0.5743, -1.3173, 1.7483, 1.7512, -1.3251, 1.7942
0.5743, -1.3173, 1.7483, 1.7404, -1.3250, 1.7937
0.5743, -1.3173, 1.7483, 1.7349, -1.3248, 1.7935
0.5743, -1.3173, 1.7483, 1.7295, -1.3248, 1.7932
0.5743, -1.3173, 1.7483, 1.7240, -1.3247, 1.7930
0.5743, -1.3173, 1.7483, 1.7186, -1.3246, 1.7927
0.5743, -1.3173, 1.7483, 1.7075, -1.3245, 1.7921
0.5743, -1.3173, 1.7483, 1.7020, -1.3244, 1.7919
0.5743, -1.3173, 1.7483, 1.6965, -1.3244, 1.7916
0.5743, -1.3173, 1.7483, 1.6909, -1.3243, 1.7914
0.5743, -1.3173, 1.7483, 1.6800, -1.3242, 1.7908
0.5743, -1.3173, 1.7483, 1.6745, -1.3241, 1.7906
0.5743, -1.3173, 1.7483, 1.6689, -1.3241, 1.7904
0.5743, -1.3173, 1.7483, 1.6579, -1.3240, 1.7899
0.5743, -1.3173, 1.7483, 1.6523, -1.3239, 1.7897
0.5743, -1.3173, 1.7483, 1.6468, -1.3239, 1.7894
0.5743, -1.3173, 1.7483, 1.6413, -1.3238, 1.7892
0.5743, -1.3173, 1.7483, 1.6358, -1.3238, 1.7890
0.5743, -1.3173, 1.7483, 1.6248, -1.3237, 1.7886
0.5743, -1.3173, 1.7483, 1.6192, -1.3237, 1.7883
0.5743, -1.3173, 1.7483, 1.6137, -1.3237, 1.7881
0.5743, -1.3173, 1.7483, 1.6082, -1.3236, 1.7879
0.5743, -1.3173, 1.7483, 1.5972, -1.3236, 1.7874
0.5743, -1.3173, 1.7483, 1.5917, -1.3235, 1.7872
0.5743, -1.3173, 1.7483, 1.5862, -1.3235, 1.7870
0.5743, -1.3173, 1.7483, 1.5807, -1.3235, 1.7867
0.5743, -1.3173, 1.7483, 1.5697, -1.3234, 1.7862
0.5743, -1.3173, 1.7483, 1.5643, -1.3234, 1.7860
0.5743, -1.3173, 1.7483, 1.5589, -1.3234, 1.7858
0.5743, -1.3173, 1.7483, 1.5534, -1.3233, 1.7856
0.5743, -1.3173, 1.7483, 1.5426, -1.3232, 1.7852
0.5743, -1.3173, 1.7483, 1.5372, -1.3232, 1.7850
0.5743, -1.3173, 1.7483, 1.5318, -1.3232, 1.7847
0.5743, -1.3173, 1.7483, 1.5265, -1.3232, 1.7845
0.5743, -1.3173, 1.7483, 1.5157, -1.3231, 1.7841
0.5743, -1.3173, 1.7483, 1.5104, -1.3231, 1.7839
0.5743, -1.3173, 1.7483, 1.5050, -1.3231, 1.7837
0.5743, -1.3173, 1.7483, 1.4997, -1.3230, 1.7835
0.5743, -1.3173, 1.7483, 1.4891, -1.3230, 1.7832
0.5743, -1.3173, 1.7483, 1.4838, -1.3229, 1.7829
0.5743, -1.3173, 1.7483, 1.4786, -1.3229, 1.7827
0.5743, -1.3173, 1.7483, 1.4733, -1.3229, 1.7825
0.5743, -1.3173, 1.7483, 1.4627, -1.3228, 1.7821
0.5743, -1.3173, 1.7483, 1.4576, -1.3228, 1.7819
0.5743, -1.3173, 1.7483, 1.4524, -1.3228, 1.7817
0.5743, -1.3173, 1.7483, 1.4472, -1.3227, 1.7815
0.5743, -1.3173, 1.7483, 1.4369, -1.3227, 1.7810
0.5743, -1.3173, 1.7483, 1.4317, -1.3226, 1.7808
0.5743, -1.3173, 1.7483, 1.4266, -1.3225, 1.7805
0.5743, -1.3173, 1.7483, 1.4216, -1.3225, 1.7803
0.5743, -1.3173, 1.7483, 1.4115, -1.3225, 1.7798
0.5743, -1.3173, 1.7483, 1.4064, -1.3224, 1.7795
0.5743, -1.3173, 1.7483, 1.4014, -1.3224, 1.7793
0.5743, -1.3173, 1.7483, 1.3964, -1.3223, 1.7791
0.5743, -1.3173, 1.7483, 1.3865, -1.3222, 1.7786
0.5743, -1.3173, 1.7483, 1.3815, -1.3222, 1.7784
0.5743, -1.3173, 1.7483, 1.3766, -1.3222, 1.7781
0.5743, -1.3173, 1.7483, 1.3717, -1.3221, 1.7779
0.5743, -1.3173, 1.7483, 1.3620, -1.3220, 1.7775
0.5743, -1.3173, 1.7483, 1.3571, -1.3220, 1.7773
0.5743, -1.3173, 1.7483, 1.3523, -1.3220, 1.7771
0.5743, -1.3173, 1.7483, 1.3475, -1.3219, 1.7769
0.5743, -1.3173, 1.7483, 1.3380, -1.3219, 1.7765
0.5743, -1.3173, 1.7483, 1.3332, -1.3218, 1.7763
0.5743, -1.3173, 1.7483, 1.3285, -1.3217, 1.7762
0.5743, -1.3173, 1.7483, 1.3238, -1.3217, 1.7760
0.5743, -1.3173, 1.7483, 1.3146, -1.3216, 1.7757
0.5743, -1.3173, 1.7483, 1.3100, -1.3215, 1.7755
0.5743, -1.3173, 1.7483, 1.3054, -1.3215, 1.7753
0.5743, -1.3173, 1.7483, 1.3008, -1.3214, 1.7751
0.5743, -1.3173, 1.7483, 1.2962, -1.3214, 1.7750
0.5743, -1.3173, 1.7483, 1.2872, -1.3213, 1.7746
0.5743, -1.3173, 1.7483, 1.2828, -1.3212, 1.7744
0.5743, -1.3173, 1.7483, 1.2783, -1.3212, 1.7743
0.5743, -1.3173, 1.7483, 1.2738, -1.3212, 1.7741
0.5743, -1.3173, 1.7483, 1.2650, -1.3211, 1.7738
0.5743, -1.3173, 1.7483, 1.2607, -1.3210, 1.7736
0.5743, -1.3173, 1.7483, 1.2563, -1.3210, 1.7735
0.5743, -1.3173, 1.7483, 1.2477, -1.3209, 1.7731
0.5743, -1.3173, 1.7483, 1.2434, -1.3209, 1.7730
0.5743, -1.3173, 1.7483, 1.2392, -1.3208, 1.7728
0.5743, -1.3173, 1.7483, 1.2349, -1.3207, 1.7727
0.5743, -1.3173, 1.7483, 1.2306, -1.3206, 1.7726
0.5743, -1.3173, 1.7483, 1.2223, -1.3205, 1.7723
0.5743, -1.3173, 1.7483, 1.2181, -1.3205, 1.7721
0.5743, -1.3173, 1.7483, 1.2140, -1.3204, 1.7720
0.5743, -1.3173, 1.7483, 1.2098, -1.3203, 1.7719
0.5743, -1.3173, 1.7483, 1.2016, -1.3202, 1.7716
0.5743, -1.3173, 1.7483, 1.1976, -1.3201, 1.7715
0.5743, -1.3173, 1.7483, 1.1935, -1.3201, 1.7714
0.5743, -1.3173, 1.7483, 1.1895, -1.3200, 1.7713
0.5743, -1.3173, 1.7483, 1.1815, -1.3199, 1.7710
0.5743, -1.3173, 1.7483, 1.1776, -1.3198, 1.7709
0.5743, -1.3173, 1.7483, 1.1737, -1.3197, 1.7708
0.5743, -1.3173, 1.7483, 1.1697, -1.3196, 1.7707
0.5743, -1.3173, 1.7483, 1.1620, -1.3195, 1.7705
0.5743, -1.3173, 1.7483, 1.1582, -1.3194, 1.7704
0.5743, -1.3173, 1.7483, 1.1543, -1.3193, 1.7703
0.5743, -1.3173, 1.7483, 1.1505, -1.3192, 1.7702
0.5743, -1.3173, 1.7483, 1.1429, -1.3191, 1.7700
0.5743, -1.3173, 1.7483, 1.1391, -1.3190, 1.7699
0.5743, -1.3173, 1.7483, 1.1355, -1.3189, 1.7698
0.5743, -1.3173, 1.7483, 1.1318, -1.3188, 1.7697
0.5743, -1.3173, 1.7483, 1.1244, -1.3187, 1.7695
0.5743, -1.3173, 1.7483, 1.1208, -1.3186, 1.7694
0.5743, -1.3173, 1.7482, 1.1172, -1.3186, 1.7693
0.5743, -1.3173, 1.7483, 1.1135, -1.3185, 1.7692
0.5743, -1.3173, 1.7483, 1.1064, -1.3184, 1.7690
0.5743, -1.3173, 1.7483, 1.1028, -1.3184, 1.7688
0.5743, -1.3173, 1.7483, 1.0993, -1.3183, 1.7687
0.5743, -1.3173, 1.7483, 1.0958, -1.3182, 1.7686
0.5743, -1.3173, 1.7483, 1.0888, -1.3181, 1.7684
0.5743, -1.3173, 1.7483, 1.0854, -1.3181, 1.7683
0.5743, -1.3173, 1.7483, 1.0820, -1.3180, 1.7681
0.5743, -1.3173, 1.7483, 1.0785, -1.3179, 1.7680
0.5743, -1.3173, 1.7483, 1.0718, -1.3178, 1.7677
0.5743, -1.3173, 1.7483, 1.0685, -1.3178, 1.7676
0.5743, -1.3173, 1.7483, 1.0651, -1.3177, 1.7675
0.5743, -1.3173, 1.7483, 1.0618, -1.3177, 1.7674
0.5743, -1.3173, 1.7483, 1.0552, -1.3175, 1.7671
0.5743, -1.3173, 1.7483, 1.0520, -1.3175, 1.7669
0.5743, -1.3173, 1.7483, 1.0488, -1.3174, 1.7668
0.5743, -1.3173, 1.7483, 1.0456, -1.3174, 1.7667
0.5743, -1.3173, 1.7483, 1.0392, -1.3173, 1.7664
0.5743, -1.3173, 1.7483, 1.0361, -1.3173, 1.7663
0.5743, -1.3173, 1.7483, 1.0330, -1.3172, 1.7662
0.5743, -1.3173, 1.7483, 1.0299, -1.3172, 1.7661
0.5743, -1.3173, 1.7483, 1.0237, -1.3171, 1.7658
0.5743, -1.3173, 1.7483, 1.0207, -1.3170, 1.7657
0.5743, -1.3173, 1.7483, 1.0176, -1.3170, 1.7656
0.5743, -1.3173, 1.7483, 1.0146, -1.3170, 1.7655
0.5743, -1.3173, 1.7483, 1.0087, -1.3168, 1.7653
0.5743, -1.3173, 1.7483, 1.0057, -1.3168, 1.7652
0.5743, -1.3173, 1.7483, 1.0028, -1.3167, 1.7651
0.5743, -1.3173, 1.7483, 0.9999, -1.3167, 1.7650
0.5743, -1.3173, 1.7483, 0.9970, -1.3166, 1.7649
0.5743, -1.3173, 1.7483, 0.9912, -1.3165, 1.7647
0.5743, -1.3173, 1.7483, 0.9884, -1.3164, 1.7646
0.5743, -1.3173, 1.7483, 0.9856, -1.3164, 1.7645
0.5743, -1.3173, 1.7483, 0.9827, -1.3163, 1.7645
0.5743, -1.3173, 1.7483, 0.9773, -1.3162, 1.7643
0.5743, -1.3173, 1.7483, 0.9746, -1.3161, 1.7642
0.5743, -1.3173, 1.7483, 0.9718, -1.3160, 1.7641
0.5743, -1.3173, 1.7483, 0.9691, -1.3159, 1.7641
0.5743, -1.3173, 1.7483, 0.9636, -1.3158, 1.7639
0.5743, -1.3173, 1.7483, 0.9609, -1.3157, 1.7638
0.5743, -1.3173, 1.7483, 0.9583, -1.3156, 1.7637
0.5743, -1.3173, 1.7483, 0.9556, -1.3155, 1.7637
0.5743, -1.3173, 1.7483, 0.9504, -1.3153, 1.7635
0.5743, -1.3173, 1.7483, 0.9479, -1.3152, 1.7635
0.5743, -1.3173, 1.7483, 0.9453, -1.3151, 1.7634
0.5743, -1.3173, 1.7483, 0.9427, -1.3150, 1.7633
0.5743, -1.3173, 1.7483, 0.9377, -1.3148, 1.7631
0.5743, -1.3173, 1.7483, 0.9351, -1.3147, 1.7631
0.5743, -1.3173, 1.7483, 0.9327, -1.3146, 1.7630
0.5743, -1.3173, 1.7483, 0.9301, -1.3144, 1.7629
0.5743, -1.3173, 1.7483, 0.9252, -1.3143, 1.7627
0.5743, -1.3173, 1.7483, 0.9228, -1.3142, 1.7626
0.5743, -1.3173, 1.7483, 0.9204, -1.3141, 1.7625
0.5743, -1.3173, 1.7483, 0.9180, -1.3140, 1.7624
0.5743, -1.3173, 1.7483, 0.9131, -1.3138, 1.7622
0.5743, -1.3173, 1.7483, 0.9108, -1.3137, 1.7622
0.5743, -1.3173, 1.7483, 0.9084, -1.3136, 1.7621
0.5743, -1.3173, 1.7483, 0.9060, -1.3136, 1.7620
0.5743, -1.3173, 1.7482, 0.9014, -1.3135, 1.7618
0.5743, -1.3173, 1.7483, 0.8991, -1.3134, 1.7617
0.5743, -1.3173, 1.7483, 0.8968, -1.3133, 1.7616
0.5743, -1.3173, 1.7483, 0.8945, -1.3132, 1.7615
0.5743, -1.3173, 1.7483, 0.8900, -1.3131, 1.7614
0.5743, -1.3173, 1.7483, 0.8878, -1.3131, 1.7613
0.5743, -1.3173, 1.7483, 0.8857, -1.3130, 1.7612
0.5743, -1.3173, 1.7483, 0.8835, -1.3130, 1.7611
0.5743, -1.3173, 1.7483, 0.8791, -1.3129, 1.7609
0.5743, -1.3173, 1.7483, 0.8769, -1.3128, 1.7609
0.5743, -1.3173, 1.7483, 0.8748, -1.3127, 1.7608
0.5743, -1.3173, 1.7483, 0.8727, -1.3127, 1.7607
0.5743, -1.3173, 1.7483, 0.8684, -1.3126, 1.7605
0.5743, -1.3173, 1.7483, 0.8663, -1.3126, 1.7604
0.5743, -1.3173, 1.7483, 0.8642, -1.3125, 1.7603
0.5743, -1.3173, 1.7483, 0.8622, -1.3125, 1.7603
0.5743, -1.3173, 1.7483, 0.8581, -1.3124, 1.7601
0.5743, -1.3173, 1.7483, 0.8561, -1.3124, 1.7600
0.5743, -1.3173, 1.7483, 0.8542, -1.3124, 1.7599
0.5743, -1.3173, 1.7483, 0.8522, -1.3123, 1.7599
0.5743, -1.3173, 1.7483, 0.8483, -1.3123, 1.7597
0.5743, -1.3173, 1.7483, 0.8464, -1.3123, 1.7597
0.5743, -1.3173, 1.7483, 0.8444, -1.3122, 1.7596
0.5743, -1.3173, 1.7483, 0.8425, -1.3122, 1.7595
0.5743, -1.3173, 1.7483, 0.8388, -1.3122, 1.7594
0.5743, -1.3173, 1.7483, 0.8369, -1.3122, 1.7593
0.5743, -1.3173, 1.7483, 0.8350, -1.3122, 1.7592
0.5743, -1.3173, 1.7483, 0.8332, -1.3122, 1.7591
0.5743, -1.3173, 1.7483, 0.8295, -1.3121, 1.7590
0.5743, -1.3173, 1.7483, 0.8277, -1.3121, 1.7589
0.5743, -1.3173, 1.7483, 0.8260, -1.3121, 1.7589
0.5743, -1.3173, 1.7483, 0.8242, -1.3121, 1.7588
0.5743, -1.3173, 1.7483, 0.8224, -1.3121, 1.7587
0.5743, -1.3173, 1.7483, 0.8190, -1.3120, 1.7585
0.5743, -1.3173, 1.7483, 0.8172, -1.3120, 1.7585
0.5743, -1.3173, 1.7483, 0.8156, -1.3120, 1.7584
0.5743, -1.3173, 1.7483, 0.8138, -1.3120, 1.7584
0.5743, -1.3173, 1.7483, 0.8104, -1.3120, 1.7582
0.5743, -1.3173, 1.7483, 0.8088, -1.3119, 1.7581
0.5743, -1.3173, 1.7483, 0.8071, -1.3119, 1.7580
0.5743, -1.3173, 1.7483, 0.8055, -1.3119, 1.7579
0.5743, -1.3173, 1.7483, 0.8022, -1.3119, 1.7577
0.5743, -1.3173, 1.7483, 0.8006, -1.3119, 1.7576
0.5743, -1.3173, 1.7483, 0.7991, -1.3119, 1.7575
0.5743, -1.3173, 1.7483, 0.7974, -1.3118, 1.7574
0.5743, -1.3173, 1.7483, 0.7944, -1.3118, 1.7573
0.5743, -1.3173, 1.7483, 0.7928, -1.3117, 1.7572
0.5743, -1.3173, 1.7483, 0.7912, -1.3117, 1.7571
0.5743, -1.3173, 1.7483, 0.7898, -1.3117, 1.7570
0.5743, -1.3173, 1.7483, 0.7868, -1.3117, 1.7568
0.5743, -1.3173, 1.7483, 0.7852, -1.3116, 1.7567
0.5743, -1.3173, 1.7483, 0.7837, -1.3116, 1.7565
0.5743, -1.3173, 1.7483, 0.7822, -1.3116, 1.7564
0.5743, -1.3173, 1.7483, 0.7793, -1.3116, 1.7562
0.5743, -1.3173, 1.7483, 0.7779, -1.3116, 1.7561
0.5743, -1.3173, 1.7483, 0.7765, -1.3116, 1.7559
0.5743, -1.3173, 1.7483, 0.7750, -1.3115, 1.7558
0.5743, -1.3173, 1.7483, 0.7721, -1.3114, 1.7556
0.5743, -1.3173, 1.7483, 0.7707, -1.3114, 1.7555
0.5743, -1.3173, 1.7483, 0.7693, -1.3114, 1.7553
0.5743, -1.3173, 1.7483, 0.7680, -1.3114, 1.7552
0.5743, -1.3173, 1.7483, 0.7653, -1.3114, 1.7550
0.5743, -1.3173, 1.7483, 0.7640, -1.3113, 1.7548
0.5743, -1.3173, 1.7483, 0.7626, -1.3113, 1.7547
0.5743, -1.3173, 1.7483, 0.7613, -1.3113, 1.7546
0.5743, -1.3173, 1.7483, 0.7587, -1.3113, 1.7544
0.5743, -1.3173, 1.7483, 0.7574, -1.3113, 1.7543
0.5743, -1.3173, 1.7483, 0.7561, -1.3112, 1.7542
0.5743, -1.3173, 1.7483, 0.7548, -1.3112, 1.7541
0.5743, -1.3173, 1.7483, 0.7523, -1.3112, 1.7539
0.5743, -1.3173, 1.7483, 0.7510, -1.3112, 1.7538
0.5743, -1.3173, 1.7483, 0.7498, -1.3111, 1.7537
0.5743, -1.3173, 1.7483, 0.7485, -1.3111, 1.7536
0.5743, -1.3173, 1.7483, 0.7460, -1.3111, 1.7534
0.5743, -1.3173, 1.7483, 0.7447, -1.3111, 1.7533
0.5743, -1.3173, 1.7483, 0.7435, -1.3111, 1.7532
0.5743, -1.3173, 1.7483, 0.7424, -1.3110, 1.7531
0.5743, -1.3173, 1.7483, 0.7400, -1.3110, 1.7530
0.5743, -1.3173, 1.7483, 0.7388, -1.3110, 1.7529
0.5743, -1.3173, 1.7483, 0.7377, -1.3110, 1.7528
0.5743, -1.3173, 1.7483, 0.7365, -1.3110, 1.7527
0.5743, -1.3173, 1.7483, 0.7341, -1.3109, 1.7526
0.5743, -1.3173, 1.7483, 0.7330, -1.3109, 1.7525
0.5743, -1.3173, 1.7483, 0.7319, -1.3109, 1.7525
0.5743, -1.3173, 1.7483, 0.7308, -1.3109, 1.7524
0.5743, -1.3173, 1.7483, 0.7298, -1.3109, 1.7524
0.5743, -1.3173, 1.7483, 0.7276, -1.3108, 1.7522
0.5743, -1.3173, 1.7483, 0.7265, -1.3108, 1.7522
0.5743, -1.3173, 1.7483, 0.7255, -1.3108, 1.7522
0.5743, -1.3173, 1.7483, 0.7233, -1.3108, 1.7521
0.5743, -1.3173, 1.7483, 0.7222, -1.3108, 1.7520
0.5743, -1.3173, 1.7483, 0.7211, -1.3108, 1.7520
0.5743, -1.3173, 1.7483, 0.7201, -1.3108, 1.7519
0.5743, -1.3172, 1.7483, 0.7190, -1.3107, 1.7519
0.5743, -1.3173, 1.7483, 0.7170, -1.3107, 1.7518
0.5743, -1.3173, 1.7483, 0.7160, -1.3107, 1.7518
0.5743, -1.3173, 1.7483, 0.7151, -1.3107, 1.7517
0.5743, -1.3173, 1.7483, 0.7131, -1.3107, 1.7517
0.5743, -1.3173, 1.7483, 0.7120, -1.3106, 1.7516
0.5743, -1.3173, 1.7483, 0.7110, -1.3106, 1.7516
0.5743, -1.3173, 1.7483, 0.7101, -1.3106, 1.7516
0.5743, -1.3173, 1.7483, 0.7090, -1.3106, 1.7515
0.5743, -1.3173, 1.7483, 0.7071, -1.3106, 1.7514
0.5743, -1.3173, 1.7483, 0.7062, -1.3106, 1.7514
0.5743, -1.3173, 1.7483, 0.7053, -1.3106, 1.7514
0.5743, -1.3173, 1.7483, 0.7044, -1.3105, 1.7514
0.5743, -1.3173, 1.7483, 0.7026, -1.3105, 1.7513
0.5743, -1.3173, 1.7483, 0.7017, -1.3105, 1.7512
0.5743, -1.3173, 1.7483, 0.7008, -1.3105, 1.7512
0.5743, -1.3173, 1.7483, 0.7000, -1.3105, 1.7512
0.5743, -1.3173, 1.7483, 0.6982, -1.3105, 1.7511
0.5743, -1.3173, 1.7483, 0.6973, -1.3105, 1.7511
0.5743, -1.3173, 1.7483, 0.6964, -1.3105, 1.7511
0.5743, -1.3173, 1.7483, 0.6948, -1.3104, 1.7510
0.5743, -1.3173, 1.7483, 0.6939, -1.3104, 1.7510
0.5743, -1.3173, 1.7483, 0.6931, -1.3104, 1.7509
0.5743, -1.3173, 1.7483, 0.6922, -1.3104, 1.7509
0.5743, -1.3173, 1.7483, 0.6914, -1.3104, 1.7508
0.5743, -1.3173, 1.7483, 0.6898, -1.3104, 1.7508
0.5743, -1.3173, 1.7483, 0.6890, -1.3103, 1.7507
0.5743, -1.3173, 1.7483, 0.6882, -1.3103, 1.7506
0.5743, -1.3173, 1.7483, 0.6873, -1.3103, 1.7506
0.5743, -1.3173, 1.7483, 0.6857, -1.3103, 1.7505
0.5743, -1.3173, 1.7483, 0.6849, -1.3103, 1.7504
0.5743, -1.3173, 1.7483, 0.6841, -1.3103, 1.7504
0.5743, -1.3173, 1.7483, 0.6833, -1.3103, 1.7503
0.5743, -1.3173, 1.7483, 0.6818, -1.3103, 1.7502
0.5743, -1.3173, 1.7483, 0.6810, -1.3103, 1.7502
0.5743, -1.3173, 1.7483, 0.6803, -1.3103, 1.7501
0.5743, -1.3173, 1.7483, 0.6796, -1.3103, 1.7501
0.5743, -1.3173, 1.7483, 0.6781, -1.3103, 1.7499
0.5743, -1.3173, 1.7483, 0.6773, -1.3102, 1.7499
0.5743, -1.3173, 1.7483, 0.6766, -1.3102, 1.7498
0.5743, -1.3173, 1.7483, 0.6759, -1.3102, 1.7498
0.5743, -1.3173, 1.7483, 0.6745, -1.3102, 1.7497
0.5743, -1.3173, 1.7483, 0.6737, -1.3102, 1.7496
0.5743, -1.3173, 1.7483, 0.6730, -1.3102, 1.7496
0.5743, -1.3173, 1.7483, 0.6723, -1.3102, 1.7496
0.5743, -1.3173, 1.7483, 0.6716, -1.3102, 1.7495
0.5743, -1.3173, 1.7483, 0.6702, -1.3102, 1.7494
0.5743, -1.3173, 1.7483, 0.6696, -1.3102, 1.7494
0.5743, -1.3173, 1.7483, 0.6689, -1.3101, 1.7493
0.5743, -1.3173, 1.7483, 0.6676, -1.3101, 1.7492
0.5743, -1.3173, 1.7483, 0.6669, -1.3101, 1.7492
0.5743, -1.3173, 1.7483, 0.6663, -1.3101, 1.7491
0.5743, -1.3173, 1.7483, 0.6657, -1.3101, 1.7491
0.5743, -1.3173, 1.7483, 0.6644, -1.3101, 1.7490
0.5743, -1.3173, 1.7483, 0.6637, -1.3101, 1.7489
0.5743, -1.3173, 1.7483, 0.6632, -1.3101, 1.7488
0.5743, -1.3173, 1.7483, 0.6625, -1.3101, 1.7488
0.5743, -1.3173, 1.7483, 0.6611, -1.3101, 1.7487
0.5743, -1.3173, 1.7483, 0.6605, -1.3101, 1.7487
0.5743, -1.3173, 1.7483, 0.6598, -1.3101, 1.7486
0.5743, -1.3173, 1.7483, 0.6592, -1.3101, 1.7486
0.5743, -1.3173, 1.7483, 0.6580, -1.3101, 1.7485
0.5743, -1.3173, 1.7483, 0.6574, -1.3101, 1.7484
0.5743, -1.3173, 1.7483, 0.6568, -1.3101, 1.7484
0.5743, -1.3173, 1.7483, 0.6562, -1.3101, 1.7483
0.5743, -1.3173, 1.7483, 0.6550, -1.3101, 1.7482
0.5743, -1.3173, 1.7483, 0.6545, -1.3101, 1.7482
0.5743, -1.3173, 1.7483, 0.6539, -1.3101, 1.7481
0.5743, -1.3173, 1.7483, 0.6534, -1.3101, 1.7481
0.5743, -1.3173, 1.7483, 0.6528, -1.3101, 1.7480
0.5743, -1.3173, 1.7483, 0.6517, -1.3101, 1.7480
0.5743, -1.3173, 1.7483, 0.6511, -1.3101, 1.7479
0.5743, -1.3173, 1.7483, 0.6506, -1.3101, 1.7479
0.5743, -1.3173, 1.7483, 0.6500, -1.3101, 1.7478
0.5743, -1.3173, 1.7483, 0.6489, -1.3101, 1.7477
0.5743, -1.3173, 1.7483, 0.6484, -1.3101, 1.7477
0.5743, -1.3173, 1.7483, 0.6478, -1.3101, 1.7476
0.5743, -1.3173, 1.7483, 0.6473, -1.3101, 1.7476
0.5743, -1.3173, 1.7483, 0.6462, -1.3101, 1.7475
0.5743, -1.3173, 1.7483, 0.6457, -1.3101, 1.7474
0.5743, -1.3173, 1.7483, 0.6452, -1.3101, 1.7474
0.5743, -1.3173, 1.7483, 0.6447, -1.3101, 1.7474
0.5743, -1.3173, 1.7483, 0.6438, -1.3101, 1.7473
0.5743, -1.3173, 1.7483, 0.6433, -1.3101, 1.7472
0.5743, -1.3173, 1.7483, 0.6428, -1.3101, 1.7472
2.1543, -1.3269, 1.8058, 0.6424, -1.3101, 1.7472
2.1543, -1.3269, 1.8058, 0.6414, -1.3101, 1.7471
2.1543, -1.3269, 1.8058, 0.6410, -1.3101, 1.7471
2.1543, -1.3269, 1.8058, 0.6405, -1.3101, 1.7471
2.1543, -1.3269, 1.8058, 0.6401, -1.3101, 1.7470
2.1543, -1.3269, 1.8058, 0.6392, -1.3101, 1.7470
2.1543, -1.3269, 1.8058, 0.6387, -1.3101, 1.7470
2.1543, -1.3269, 1.8058, 0.6383, -1.3101, 1.7470
2.1543, -1.3269, 1.8058, 0.6378, -1.3101, 1.7470
2.1543, -1.3269, 1.8058, 0.6369, -1.3101, 1.7469
2.1543, -1.3269, 1.8058, 0.6364, -1.3101, 1.7469
2.1543, -1.3269, 1.8058, 0.6360, -1.3101, 1.7469
2.1543, -1.3269, 1.8058, 0.6355, -1.3101, 1.7468
2.1543, -1.3269, 1.8058, 0.6346, -1.3101, 1.7468
2.1543, -1.3269, 1.8058, 0.6342, -1.3101, 1.7468
2.1543, -1.3269, 1.8058, 0.6338, -1.3101, 1.7467
2.1543, -1.3269, 1.8058, 0.6334, -1.3101, 1.7467
2.1543, -1.3269, 1.8058, 0.6326, -1.3101, 1.7467
2.1543, -1.3269, 1.8058, 0.6321, -1.3101, 1.7466
2.1543, -1.3269, 1.8058, 0.6317, -1.3101, 1.7466
2.1543, -1.3269, 1.8058, 0.6313, -1.3101, 1.7466
2.1543, -1.3269, 1.8058, 0.6305, -1.3101, 1.7465
2.1543, -1.3269, 1.8058, 0.6302, -1.3101, 1.7465
2.1543, -1.3269, 1.8058, 0.6298, -1.3101, 1.7464
2.1543, -1.3269, 1.8058, 0.6294, -1.3101, 1.7464
2.1543, -1.3269, 1.8058, 0.6286, -1.3101, 1.7462
2.1543, -1.3269, 1.8058, 0.6283, -1.3101, 1.7462
2.1543, -1.3269, 1.8058, 0.6279, -1.3101, 1.7462
2.1543, -1.3269, 1.8058, 0.6275, -1.3101, 1.7461
2.1543, -1.3269, 1.8058, 0.6267, -1.3101, 1.7461
2.1543, -1.3269, 1.8058, 0.6264, -1.3101, 1.7461
2.1543, -1.3269, 1.8058, 0.6260, -1.3101, 1.7460
2.1543, -1.3269, 1.8058, 0.6257, -1.3101, 1.7460
2.1543, -1.3269, 1.8058, 0.6249, -1.3101, 1.7459
2.1543, -1.3269, 1.8058, 0.6246, -1.3101, 1.7459
2.1543, -1.3269, 1.8058, 0.6244, -1.3101, 1.7459
2.1543, -1.3269, 1.8058, 0.6243, -1.3101, 1.7459
2.1543, -1.3269, 1.8058, 0.6243, -1.3101, 1.7459
2.1543, -1.3269, 1.8058, 0.6244, -1.3101, 1.7458
2.1543, -1.3269, 1.8058, 0.6246, -1.3101, 1.7458
2.1543, -1.3269, 1.8058, 0.6247, -1.3101, 1.7459
2.1543, -1.3269, 1.8058, 0.6250, -1.3101, 1.7459
2.1543, -1.3269, 1.8058, 0.6258, -1.3101, 1.7459
2.1543, -1.3269, 1.8058, 0.6263, -1.3101, 1.7459
2.1543, -1.3269, 1.8058, 0.6269, -1.3101, 1.7459
2.1543, -1.3269, 1.8058, 0.6276, -1.3101, 1.7459
2.1543, -1.3269, 1.8058, 0.6290, -1.3101, 1.7459
2.1543, -1.3269, 1.8058, 0.6298, -1.3101, 1.7459
2.1543, -1.3269, 1.8058, 0.6307, -1.3101, 1.7459
2.1543, -1.3269, 1.8058, 0.6317, -1.3101, 1.7459
2.1543, -1.3269, 1.8058, 0.6338, -1.3101, 1.7459
2.1543, -1.3269, 1.8058, 0.6348, -1.3101, 1.7459
2.1543, -1.3269, 1.8058, 0.6359, -1.3101, 1.7459
2.1543, -1.3269, 1.8058, 0.6372, -1.3101, 1.7459
2.1543, -1.3269, 1.8058, 0.6399, -1.3101, 1.7459
2.1543, -1.3269, 1.8058, 0.6414, -1.3101, 1.7460
2.1543, -1.3269, 1.8058, 0.6430, -1.3101, 1.7460
2.1543, -1.3269, 1.8058, 0.6446, -1.3101, 1.7460
2.1543, -1.3269, 1.8058, 0.6480, -1.3101, 1.7460
2.1543, -1.3269, 1.8058, 0.6497, -1.3101, 1.7461
2.1543, -1.3269, 1.8058, 0.6516, -1.3101, 1.7461
2.1543, -1.3269, 1.8058, 0.6535, -1.3101, 1.7461
2.1543, -1.3269, 1.8058, 0.6576, -1.3102, 1.7462
2.1543, -1.3269, 1.8058, 0.6597, -1.3102, 1.7462
2.1543, -1.3269, 1.8058, 0.6618, -1.3102, 1.7462
2.1543, -1.3269, 1.8058, 0.6640, -1.3102, 1.7463
2.1543, -1.3269, 1.8058, 0.6687, -1.3102, 1.7465
2.1543, -1.3269, 1.8058, 0.6711, -1.3102, 1.7466
2.1543, -1.3269, 1.8058, 0.6735, -1.3102, 1.7467
2.1543, -1.3269, 1.8058, 0.6761, -1.3103, 1.7468
2.1543, -1.3269, 1.8058, 0.6814, -1.3103, 1.7470
2.1543, -1.3269, 1.8058, 0.6842, -1.3103, 1.7472
2.1543, -1.3269, 1.8058, 0.6870, -1.3103, 1.7473
2.1543, -1.3269, 1.8058, 0.6899, -1.3103, 1.7474
2.1543, -1.3269, 1.8058, 0.6958, -1.3103, 1.7476
2.1543, -1.3269, 1.8058, 0.6988, -1.3104, 1.7478
2.1543, -1.3269, 1.8058, 0.7019, -1.3104, 1.7479
2.1543, -1.3269, 1.8058, 0.7051, -1.3105, 1.7481
2.1543, -1.3269, 1.8058, 0.7116, -1.3106, 1.7483
2.1543, -1.3269, 1.8058, 0.7150, -1.3107, 1.7485
2.1543, -1.3269, 1.8058, 0.7185, -1.3107, 1.7486
2.1543, -1.3269, 1.8058, 0.7220, -1.3108, 1.7488
2.1543, -1.3269, 1.8058, 0.7291, -1.3110, 1.7491
2.1543, -1.3269, 1.8058, 0.7328, -1.3111, 1.7493
2.1543, -1.3269, 1.8058, 0.7365, -1.3112, 1.7495
2.1543, -1.3269, 1.8058, 0.7403, -1.3113, 1.7496
2.1543, -1.3269, 1.8058, 0.7480, -1.3115, 1.7500
2.1543, -1.3269, 1.8059, 0.7520, -1.3117, 1.7502
2.1543, -1.3269, 1.8058, 0.7560, -1.3118, 1.7504
2.1543, -1.3269, 1.8058, 0.7599, -1.3119, 1.7505
2.1543, -1.3269, 1.8058, 0.7681, -1.3121, 1.7509
2.1543, -1.3269, 1.8058, 0.7723, -1.3123, 1.7511
2.1543, -1.3269, 1.8058, 0.7766, -1.3123, 1.7513
2.1543, -1.3269, 1.8058, 0.7809, -1.3125, 1.7514
2.1543, -1.3269, 1.8058, 0.7852, -1.3126, 1.7516
2.1543, -1.3269, 1.8058, 0.7939, -1.3129, 1.7520
2.1543, -1.3269, 1.8058, 0.7983, -1.3130, 1.7522
2.1543, -1.3269, 1.8058, 0.8028, -1.3130, 1.7524
2.1543, -1.3269, 1.8058, 0.8074, -1.3132, 1.7526
2.1543, -1.3269, 1.8058, 0.8166, -1.3134, 1.7530
2.1543, -1.3269, 1.8058, 0.8213, -1.3135, 1.7532
2.1543, -1.3269, 1.8058, 0.8259, -1.3136, 1.7534
2.1543, -1.3269, 1.8058, 0.8352, -1.3138, 1.7538
2.1543, -1.3269, 1.8058, 0.8400, -1.3139, 1.7540
2.1543, -1.3269, 1.8058, 0.8449, -1.3140, 1.7543
2.1543, -1.3269, 1.8058, 0.8498, -1.3141, 1.7545
2.1543, -1.3269, 1.8058, 0.8546, -1.3142, 1.7546
2.1543, -1.3269, 1.8058, 0.8644, -1.3145, 1.7552
2.1543, -1.3269, 1.8058, 0.8694, -1.3146, 1.7554
2.1543, -1.3269, 1.8058, 0.8743, -1.3147, 1.7556
2.1543, -1.3269, 1.8058, 0.8793, -1.3148, 1.7558
2.1543, -1.3269, 1.8058, 0.8894, -1.3151, 1.7564
2.1543, -1.3269, 1.8058, 0.8946, -1.3152, 1.7566
2.1543, -1.3269, 1.8058, 0.8997, -1.3153, 1.7569
2.1543, -1.3269, 1.8058, 0.9049, -1.3154, 1.7572
2.1543, -1.3269, 1.8058, 0.9153, -1.3157, 1.7578
2.1543, -1.3269, 1.8058, 0.9205, -1.3158, 1.7581
2.1543, -1.3269, 1.8058, 0.9258, -1.3159, 1.7584
2.1543, -1.3269, 1.8058, 0.9311, -1.3160, 1.7586
2.1543, -1.3269, 1.8058, 0.9417, -1.3163, 1.7592
2.1543, -1.3269, 1.8058, 0.9470, -1.3164, 1.7595
2.1543, -1.3269, 1.8058, 0.9523, -1.3165, 1.7597
2.1543, -1.3269, 1.8058, 0.9577, -1.3166, 1.7600
2.1543, -1.3269, 1.8058, 0.9685, -1.3169, 1.7605
2.1543, -1.3269, 1.8058, 0.9736, -1.3170, 1.7607
2.1543, -1.3269, 1.8059, 0.9790, -1.3172, 1.7610
2.1543, -1.3269, 1.8058, 0.9849, -1.3173, 1.7612
2.1543, -1.3269, 1.8058, 0.9955, -1.3175, 1.7617
2.1543, -1.3269, 1.8058, 1.0010, -1.3176, 1.7620
2.1543, -1.3269, 1.8058, 1.0068, -1.3177, 1.7622
2.1543, -1.3269, 1.8058, 1.0119, -1.3178, 1.7624
2.1543, -1.3269, 1.8058, 1.0234, -1.3181, 1.7630
2.1543, -1.3269, 1.8058, 1.0286, -1.3182, 1.7632
2.1543, -1.3269, 1.8058, 1.0346, -1.3183, 1.7634
2.1543, -1.3269, 1.8058, 1.0398, -1.3184, 1.7637
2.1543, -1.3269, 1.8058, 1.0509, -1.3187, 1.7641
2.1543, -1.3269, 1.8058, 1.0568, -1.3187, 1.7644
2.1543, -1.3269, 1.8058, 1.0623, -1.3188, 1.7646
2.1543, -1.3269, 1.8058, 1.0675, -1.3189, 1.7648
2.1543, -1.3269, 1.8058, 1.0785, -1.3191, 1.7653
2.1543, -1.3269, 1.8059, 1.0844, -1.3191, 1.7655
2.1543, -1.3269, 1.8059, 1.0898, -1.3192, 1.7657
2.1543, -1.3269, 1.8059, 1.0954, -1.3193, 1.7660
2.1543, -1.3269, 1.8059, 1.1063, -1.3194, 1.7664
2.1543, -1.3269, 1.8058, 1.1118, -1.3195, 1.7666
2.1543, -1.3269, 1.8058, 1.1173, -1.3196, 1.7668
2.1543, -1.3269, 1.8058, 1.1228, -1.3197, 1.7671
2.1543, -1.3269, 1.8058, 1.1337, -1.3198, 1.7675
2.1543, -1.3269, 1.8058, 1.1392, -1.3199, 1.7678
2.1543, -1.3269, 1.8058, 1.1447, -1.3200, 1.7680
2.1543, -1.3269, 1.8058, 1.1502, -1.3201, 1.7683
2.1543, -1.3269, 1.8058, 1.1611, -1.3203, 1.7689
2.1543, -1.3269, 1.8058, 1.1665, -1.3204, 1.7691
2.1543, -1.3269, 1.8058, 1.1719, -1.3205, 1.7694
2.1543, -1.3269, 1.8058, 1.1773, -1.3205, 1.7697
2.1543, -1.3269, 1.8058, 1.1881, -1.3207, 1.7702
2.1543, -1.3269, 1.8058, 1.1935, -1.3208, 1.7705
2.1543, -1.3269, 1.8058, 1.1988, -1.3209, 1.7707
2.1543, -1.3269, 1.8058, 1.2042, -1.3210, 1.7709
2.1543, -1.3269, 1.8058, 1.2095, -1.3210, 1.7712
2.1543, -1.3269, 1.8058, 1.2201, -1.3212, 1.7717
2.1543, -1.3269, 1.8058, 1.2255, -1.3214, 1.7719
2.1543, -1.3269, 1.8058, 1.2308, -1.3214, 1.7722
2.1543, -1.3269, 1.8058, 1.2413, -1.3216, 1.7727
2.1543, -1.3269, 1.8058, 1.2466, -1.3217, 1.7729
2.1543, -1.3269, 1.8058, 1.2518, -1.3218, 1.7731
2.1543, -1.3269, 1.8058, 1.2570, -1.3219, 1.7733
2.1543, -1.3269, 1.8058, 1.2675, -1.3220, 1.7738
2.1543, -1.3269, 1.8058, 1.2726, -1.3221, 1.7740
2.1543, -1.3269, 1.8058, 1.2778, -1.3222, 1.7742
2.1543, -1.3269, 1.8058, 1.2829, -1.3222, 1.7745
2.1543, -1.3269, 1.8058, 1.2932, -1.3223, 1.7749
2.1543, -1.3269, 1.8058, 1.2983, -1.3224, 1.7751
2.1543, -1.3269, 1.8058, 1.3033, -1.3224, 1.7754
2.1543, -1.3269, 1.8058, 1.3084, -1.3225, 1.7756
2.1543, -1.3269, 1.8058, 1.3134, -1.3225, 1.7758
2.1543, -1.3269, 1.8058, 1.3234, -1.3226, 1.7762
2.1543, -1.3269, 1.8058, 1.3284, -1.3227, 1.7764
2.1543, -1.3269, 1.8058, 1.3333, -1.3228, 1.7765
2.1543, -1.3269, 1.8058, 1.3383, -1.3229, 1.7767
2.1543, -1.3269, 1.8058, 1.3481, -1.3229, 1.7772
2.1543, -1.3269, 1.8058, 1.3530, -1.3230, 1.7773
2.1543, -1.3269, 1.8059, 1.3579, -1.3230, 1.7775
2.1543, -1.3269, 1.8059, 1.3627, -1.3231, 1.7777
2.1543, -1.3269, 1.8059, 1.3724, -1.3232, 1.7781
2.1543, -1.3269, 1.8059, 1.3772, -1.3232, 1.7783
2.1543, -1.3269, 1.8059, 1.3820, -1.3233, 1.7784
2.1543, -1.3269, 1.8059, 1.3867, -1.3234, 1.7786
2.1543, -1.3269, 1.8058, 1.3961, -1.3235, 1.7790
2.1543, -1.3269, 1.8058, 1.4009, -1.3235, 1.7792
2.1543, -1.3269, 1.8058, 1.4056, -1.3236, 1.7794
2.1543, -1.3269, 1.8058, 1.4102, -1.3237, 1.7795
2.1543, -1.3269, 1.8058, 1.4194, -1.3238, 1.7798
2.1543, -1.3269, 1.8058, 1.4240, -1.3239, 1.7800
2.1543, -1.3269, 1.8058, 1.4285, -1.3239, 1.7802
2.1543, -1.3269, 1.8058, 1.4330, -1.3241, 1.7804
2.1543, -1.3269, 1.8058, 1.4421, -1.3242, 1.7808
2.1543, -1.3269, 1.8058, 1.4465, -1.3243, 1.7810
2.1543, -1.3269, 1.8058, 1.4510, -1.3243, 1.7812
2.1543, -1.3269, 1.8058, 1.4554, -1.3245, 1.7814
2.1543, -1.3269, 1.8058, 1.4642, -1.3247, 1.7817
2.1543, -1.3269, 1.8058, 1.4685, -1.3248, 1.7819
2.1543, -1.3269, 1.8058, 1.4729, -1.3249, 1.7821
2.1543, -1.3269, 1.8058, 1.4773, -1.3250, 1.7823
2.1543, -1.3269, 1.8058, 1.4858, -1.3252, 1.7826
2.1543, -1.3269, 1.8058, 1.4903, -1.3254, 1.7828
2.1543, -1.3269, 1.8058, 1.4942, -1.3255, 1.7830
2.1543, -1.3269, 1.8058, 1.4985, -1.3255, 1.7832
2.1543, -1.3269, 1.8058, 1.5071, -1.3257, 1.7835
2.1543, -1.3269, 1.8058, 1.5112, -1.3258, 1.7837
2.1543, -1.3269, 1.8058, 1.5152, -1.3259, 1.7838
2.1543, -1.3269, 1.8058, 1.5193, -1.3260, 1.7840
2.1543, -1.3269, 1.8058, 1.5275, -1.3262, 1.7843
2.1543, -1.3269, 1.8058, 1.5315, -1.3264, 1.7845
2.1543, -1.3269, 1.8058, 1.5355, -1.3265, 1.7846
2.1543, -1.3269, 1.8058, 1.5395, -1.3266, 1.7847
2.1543, -1.3269, 1.8058, 1.5473, -1.3268, 1.7850
2.1543, -1.3269, 1.8058, 1.5511, -1.3269, 1.7851
2.1543, -1.3269, 1.8058, 1.5550, -1.3271, 1.7853
2.1543, -1.3269, 1.8058, 1.5588, -1.3272, 1.7854
2.1543, -1.3269, 1.8058, 1.5665, -1.3274, 1.7857
2.1543, -1.3269, 1.8058, 1.5701, -1.3275, 1.7858
2.1543, -1.3269, 1.8058, 1.5738, -1.3276, 1.7859
2.1543, -1.3269, 1.8058, 1.5776, -1.3277, 1.7860
2.1543, -1.3269, 1.8058, 1.5814, -1.3278, 1.7861
2.1543, -1.3269, 1.8058, 1.5888, -1.3281, 1.7864
2.1543, -1.3269, 1.8058, 1.5924, -1.3282, 1.7864
2.1543, -1.3269, 1.8058, 1.5961, -1.3283, 1.7866
2.1543, -1.3269, 1.8058, 1.6035, -1.3285, 1.7868
2.1543, -1.3269, 1.8058, 1.6070, -1.3286, 1.7869
2.1543, -1.3269, 1.8058, 1.6106, -1.3288, 1.7870
2.1543, -1.3269, 1.8058, 1.6141, -1.3288, 1.7872
2.1543, -1.3269, 1.8058, 1.6212, -1.3290, 1.7874
2.1543, -1.3269, 1.8058, 1.6246, -1.3291, 1.7875
2.1543, -1.3269, 1.8058, 1.6281, -1.3292, 1.7876
2.1543, -1.3269, 1.8058, 1.6316, -1.3293, 1.7877
2.1543, -1.3269, 1.8058, 1.6350, -1.3294, 1.7879
2.1543, -1.3269, 1.8058, 1.6417, -1.3295, 1.7881
2.1543, -1.3269, 1.8058, 1.6451, -1.3296, 1.7882
2.1543, -1.3269, 1.8058, 1.6485, -1.3297, 1.7883
2.1543, -1.3269, 1.8058, 1.6518, -1.3298, 1.7884
2.1543, -1.3269, 1.8058, 1.6584, -1.3299, 1.7887
2.1543, -1.3269, 1.8058, 1.6617, -1.3300, 1.7888
2.1543, -1.3269, 1.8058, 1.6650, -1.3301, 1.7889
2.1543, -1.3269, 1.8058, 1.6683, -1.3302, 1.7890
2.1543, -1.3269, 1.8058, 1.6746, -1.3304, 1.7892
2.1543, -1.3269, 1.8058, 1.6779, -1.3304, 1.7893
2.1543, -1.3269, 1.8058, 1.6810, -1.3305, 1.7894
2.1543, -1.3269, 1.8058, 1.6842, -1.3306, 1.7895
2.1543, -1.3269, 1.8058, 1.6905, -1.3307, 1.7897
2.1543, -1.3269, 1.8058, 1.6935, -1.3307, 1.7898
2.1543, -1.3269, 1.8058, 1.6966, -1.3308, 1.7898
2.1543, -1.3269, 1.8058, 1.6996, -1.3308, 1.7899
2.1543, -1.3269, 1.8058, 1.7057, -1.3309, 1.7901
2.1543, -1.3269, 1.8058, 1.7087, -1.3310, 1.7902
2.1543, -1.3269, 1.8058, 1.7117, -1.3310, 1.7902
2.1543, -1.3269, 1.8058, 1.7146, -1.3310, 1.7903
2.1543, -1.3269, 1.8058, 1.7206, -1.3311, 1.7905
2.1543, -1.3269, 1.8058, 1.7235, -1.3312, 1.7906
2.1543, -1.3269, 1.8058, 1.7264, -1.3312, 1.7907
2.1543, -1.3269, 1.8058, 1.7293, -1.3313, 1.7907
2.1543, -1.3269, 1.8059, 1.7350, -1.3313, 1.7909
2.1543, -1.3269, 1.8059, 1.7378, -1.3314, 1.7910
2.1543, -1.3269, 1.8058, 1.7406, -1.3314, 1.7911
2.1543, -1.3269, 1.8059, 1.7434, -1.3314, 1.7911
2.1543, -1.3269, 1.8059, 1.7489, -1.3315, 1.7913
2.1543, -1.3269, 1.8059, 1.7517, -1.3315, 1.7913
2.1543, -1.3269, 1.8059, 1.7545, -1.3315, 1.7914
2.1543, -1.3269, 1.8059, 1.7572, -1.3315, 1.7915
2.1543, -1.3269, 1.8059, 1.7598, -1.3316, 1.7915
2.1543, -1.3269, 1.8059, 1.7652, -1.3316, 1.7917
2.1543, -1.3269, 1.8059, 1.7652, -1.3316, 1.7917
2.1543, -1.3269, 1.8059, 1.7705, -1.3316, 1.7918
2.1543, -1.3269, 1.8059, 1.7757, -1.3317, 1.7920
2.1543, -1.3269, 1.8059, 1.7783, -1.3317, 1.7921
2.1543, -1.3269, 1.8058, 1.7809, -1.3317, 1.7922
2.1543, -1.3269, 1.8058, 1.7835, -1.3317, 1.7922
2.1543, -1.3269, 1.8058, 1.7888, -1.3318, 1.7924
2.1543, -1.3269, 1.8058, 1.7913, -1.3318, 1.7925
2.1543, -1.3269, 1.8058, 1.7938, -1.3318, 1.7926
2.1543, -1.3269, 1.8058, 1.7963, -1.3319, 1.7927
2.1543, -1.3269, 1.8058, 1.8013, -1.3319, 1.7928
2.1543, -1.3269, 1.8058, 1.8037, -1.3320, 1.7929
2.1543, -1.3269, 1.8058, 1.8061, -1.3320, 1.7930
2.1543, -1.3269, 1.8058, 1.8086, -1.3320, 1.7931
2.1543, -1.3269, 1.8058, 1.8134, -1.3321, 1.7933
2.1543, -1.3269, 1.8058, 1.8159, -1.3321, 1.7933
2.1543, -1.3269, 1.8058, 1.8182, -1.3321, 1.7935
2.1543, -1.3269, 1.8058, 1.8205, -1.3322, 1.7936
2.1543, -1.3269, 1.8058, 1.8252, -1.3323, 1.7938
2.1543, -1.3269, 1.8058, 1.8276, -1.3323, 1.7939
2.1543, -1.3269, 1.8058, 1.8298, -1.3324, 1.7940
2.1543, -1.3269, 1.8058, 1.8321, -1.3325, 1.7941
2.1543, -1.3269, 1.8058, 1.8344, -1.3325, 1.7942
2.1543, -1.3269, 1.8058, 1.8389, -1.3327, 1.7944
2.1543, -1.3269, 1.8058, 1.8411, -1.3328, 1.7945
2.1543, -1.3269, 1.8058, 1.8432, -1.3329, 1.7946
2.1543, -1.3269, 1.8058, 1.8454, -1.3330, 1.7947
2.1543, -1.3269, 1.8058, 1.8497, -1.3331, 1.7949
2.1543, -1.3269, 1.8058, 1.8518, -1.3333, 1.7950
2.1543, -1.3269, 1.8058, 1.8539, -1.3333, 1.7951
2.1543, -1.3269, 1.8058, 1.8560, -1.3334, 1.7952
2.1543, -1.3269, 1.8058, 1.8601, -1.3336, 1.7954
2.1543, -1.3269, 1.8058, 1.8622, -1.3337, 1.7955
2.1543, -1.3269, 1.8058, 1.8643, -1.3338, 1.7956
2.1543, -1.3269, 1.8058, 1.8663, -1.3338, 1.7957
2.1543, -1.3269, 1.8058, 1.8703, -1.3340, 1.7959
2.1543, -1.3269, 1.8058, 1.8723, -1.3340, 1.7960
2.1543, -1.3269, 1.8058, 1.8743, -1.3341, 1.7961
2.1543, -1.3269, 1.8058, 1.8763, -1.3342, 1.7962
2.1543, -1.3269, 1.8058, 1.8801, -1.3343, 1.7963
2.1543, -1.3269, 1.8058, 1.8820, -1.3343, 1.7964
2.1543, -1.3269, 1.8058, 1.8839, -1.3343, 1.7965
2.1543, -1.3269, 1.8058, 1.8859, -1.3344, 1.7965
2.1543, -1.3269, 1.8058, 1.8897, -1.3346, 1.7967
2.1543, -1.3269, 1.8058, 1.8916, -1.3346, 1.7968
2.1543, -1.3269, 1.8058, 1.8934, -1.3346, 1.7969
2.1543, -1.3269, 1.8058, 1.8971, -1.3347, 1.7970
2.1543, -1.3269, 1.8058, 1.8989, -1.3347, 1.7971
2.1543, -1.3269, 1.8058, 1.9007, -1.3348, 1.7972
2.1543, -1.3269, 1.8058, 1.9025, -1.3348, 1.7972
2.1543, -1.3269, 1.8058, 1.9043, -1.3348, 1.7973
2.1543, -1.3269, 1.8058, 1.9077, -1.3349, 1.7974
2.1543, -1.3269, 1.8058, 1.9094, -1.3349, 1.7975
2.1543, -1.3269, 1.8058, 1.9112, -1.3350, 1.7976
2.1543, -1.3269, 1.8058, 1.9129, -1.3350, 1.7977
2.1543, -1.3269, 1.8058, 1.9163, -1.3350, 1.7978
2.1543, -1.3269, 1.8058, 1.9179, -1.3351, 1.7979
2.1543, -1.3269, 1.8058, 1.9196, -1.3351, 1.7979
2.1543, -1.3269, 1.8058, 1.9212, -1.3351, 1.7980
2.1543, -1.3269, 1.8058, 1.9245, -1.3352, 1.7981
2.1543, -1.3269, 1.8058, 1.9262, -1.3352, 1.7982
2.1543, -1.3269, 1.8058, 1.9276, -1.3352, 1.7982
2.1543, -1.3269, 1.8058, 1.9292, -1.3353, 1.7982
2.1543, -1.3269, 1.8058, 1.9324, -1.3353, 1.7984
2.1543, -1.3269, 1.8058, 1.9341, -1.3354, 1.7984
2.1543, -1.3269, 1.8058, 1.9356, -1.3354, 1.7985
2.1543, -1.3269, 1.8058, 1.9372, -1.3355, 1.7985
2.1543, -1.3269, 1.8058, 1.9402, -1.3355, 1.7987
2.1543, -1.3269, 1.8058, 1.9402, -1.3355, 1.7987
2.1543, -1.3269, 1.8058, 1.9402, -1.3355, 1.7987
2.1543, -1.3269, 1.8058, 1.9402, -1.3355, 1.7987
2.1543, -1.3269, 1.8058, 1.9402, -1.3355, 1.7987
2.1543, -1.3269, 1.8058, 1.9402, -1.3355, 1.7987
2.1543, -1.3269, 1.8058, 1.9402, -1.3355, 1.7987
2.1543, -1.3269, 1.8058, 1.9402, -1.3355, 1.7987
2.1543, -1.3269, 1.8058, 1.9402, -1.3355, 1.7987
2.1543, -1.3269, 1.8058, 1.9402, -1.3355, 1.7987
2.1543, -1.3269, 1.8058, 1.9402, -1.3355, 1.7987
2.1543, -1.3269, 1.8058, 1.9402, -1.3355, 1.7987
2.1543, -1.3269, 1.8058, 1.9402, -1.3355, 1.7987
2.1543, -1.3269, 1.8058, 1.9402, -1.3355, 1.7987
2.1543, -1.3269, 1.8058, 1.9402, -1.3355, 1.7987
2.1543, -1.3269, 1.8058, 1.9402, -1.3355, 1.7987
2.1543, -1.3269, 1.8058, 1.9402, -1.3355, 1.7987
2.1543, -1.3269, 1.8058, 1.9402, -1.3355, 1.7987
2.1543, -1.3269, 1.8058, 1.9402, -1.3355, 1.7987
2.1543, -1.3269, 1.8058, 1.9402, -1.3355, 1.7987
2.1543, -1.3269, 1.8058, 1.9402, -1.3355, 1.7987
2.1543, -1.3269, 1.8058, 1.9402, -1.3355, 1.7987
2.1543, -1.3269, 1.8058, 1.9402, -1.3355, 1.7987
2.1543, -1.3269, 1.8058, 1.9402, -1.3355, 1.7987
2.1543, -1.3269, 1.8058, 1.9402, -1.3355, 1.7987
