time
0.6823
0.1361
0.1520
0.1679
0.1684
0.1496
0.1445
0.1364
0.1353
0.1212
0.1274
0.3362
0.3506
0.4666
1.3172
0.4681
0.4624
0.4932
0.4785
0.4481
0.4464
0.4110
0.3856
0.4121
0.3972
0.4596
0.4006
0.4976
0.4743
0.3804
0.4145
0.4381
0.4827
0.4805
0.4448
0.4816
0.4029
0.3677
0.4459
0.4876
0.3899
0.5334
0.4067
0.3564
0.3670
0.4394
0.4841
0.3663
0.4824
0.3765
0.4637
0.8264
0.3813
0.3792
0.4208
0.4003
0.4943
0.3880
0.4904
0.4178
0.3806
0.4033
0.5139
0.3972
0.3857
0.3935
0.4696
0.3886
0.4567
0.3781
0.4455
0.3951
0.3534
0.3775
0.4781
0.3815
0.3669
0.4501
0.5102
0.4326
0.4752
0.4316
0.4679
0.3807
0.4168
0.4097
0.4589
0.3750
0.4266
0.4256
0.4317
0.5108
0.3918
0.3874
0.6233
0.3940
0.4905
0.4646
0.4053
0.4190
0.4026
0.3749
0.4742
0.4261
0.4044
0.4740
0.3941
0.3910
0.4030
0.4444
0.4712
0.4935
0.3935
0.3903
0.4637
0.3842
0.4422
0.4397
0.4703
0.3879
0.3738
0.3764
0.3947
0.4796
0.4088
0.4506
0.3779
0.4494
0.5012
0.3734
0.4953
0.4251
0.3473
0.3503
0.4420
0.4119
0.3799
0.3673
0.6277
0.4904
0.3813
0.5087
0.5256
0.3796
0.4574
0.3776
0.4854
0.4175
0.4118
0.3842
0.4073
0.5208
0.4354
0.5018
0.4259
0.4321
0.3876
0.3862
0.5264
0.5236
0.3950
0.3431
0.3485
0.3451
0.3444
0.4207
0.3919
0.3750
0.4567
0.4681
0.4540
0.4182
0.4214
0.4040
0.3886
0.3867
0.3857
0.3681
0.4450
0.3804
0.3582
0.3665
0.4471
0.4437
0.4655
0.4145
0.4425
0.3737
0.3856
0.4428
0.4667
0.3737
0.3451
0.3653
0.4514
0.4470
0.3709
0.4475
0.4779
0.4236
0.4209
0.3780
0.4351
0.3780
0.4993
0.4586
0.4544
0.4030
0.3854
0.3969
0.5191
0.4412
0.4286
0.5004
0.5257
0.3935
0.3801
0.4660
0.4676
0.3563
0.4952
0.4857
0.4643
0.3587
0.5426
0.3787
0.4563
0.3488
0.4108
0.5139
0.4095
0.3930
0.3958
0.4089
0.5159
0.4092
0.3788
0.4953
0.3826
0.4560
0.3615
0.4647
0.5057
0.3851
0.4066
0.4064
0.6149
0.4907
0.3614
0.4375
0.4392
0.3396
0.3947
0.6064
0.3634
0.4292
0.3699
0.3472
0.5036
0.3837
0.4880
0.4980
0.4678
0.4153
0.4440
0.4446
0.5730
0.4473
0.4557
0.5508
0.6236
0.6038
0.3894
0.4548
0.4647
